0.0
6.2279945539483615E-12
2.3207053395890197E-11
2.96681482546981E-11
4.056329098257729E-11
4.641136055943211E-11
5.458655861912247E-11
6.016898647663113E-11
6.698377668198217E-11
7.221161724045114E-11
7.808700278862355E-11
8.29208486160038E-11
8.805238554610676E-11
9.248212644269157E-11
9.699259863483551E-11
1.0102254436448921E-10
1.050017245797815E-10
1.0864372181819058E-10
1.121611496839436E-10
1.1543214896197614E-10
1.185430709120379E-10
1.2146308677151236E-10
1.2421184542530985E-10
1.2680308262015475E-10
1.2922517935333515E-10
1.3150981450471726E-10
1.3363475397320852E-10
1.3563516816539056E-10
1.3748804643335853E-10
1.392254565384495E-10
1.40827451312576E-10
1.4232173275697632E-10
1.4369185521281647E-10
1.4496142457936152E-10
1.461160411213846E-10
1.4717780750923046E-10
1.4813184163083643E-10
1.490010018482375E-10
1.4976746349609142E-10
1.5045725707909514E-10
1.5104817904689496E-10
1.5157055719289222E-10
1.5199568346026918E-10
1.5236036083041562E-10
1.5262809010722664E-10
1.5284266179591542E-10
1.5295857227916264E-10
1.5302764503677905E-10
1.5299451908317708E-10
1.529193165865418E-10
1.5273299269898157E-10
1.5251765858567253E-10
1.522764860115158E-10
1.5201665086890055E-10
1.517203679799808E-10
1.5140535739414215E-10
1.5105072590102112E-10
1.5067950384949874E-10
1.5026758951616762E-10
1.4984182017267505E-10
1.4937524145389677E-10
1.4889827029574777E-10
1.4838057075505467E-10
1.4785598688022842E-10
1.472914521649054E-10
1.4672313050475357E-10
1.4611541224253416E-10
1.4550745263796343E-10
1.4486071674465064E-10
1.4421645335908852E-10
1.435344603910515E-10
1.4285797174272522E-10
1.4214423873733263E-10
1.4143836051655787E-10
1.4069624536300184E-10
1.3996448936791008E-10
1.3919734975357005E-10
1.384427105982502E-10
1.3765344345957823E-10
1.3687884710152774E-10
1.3607001886094044E-10
1.352774532044185E-10
1.3445218241234317E-10
1.3364479049710226E-10
1.3280491551942325E-10
1.3198471857971282E-10
1.311325757242695E-10
1.3030139060298654E-10
1.2943947135297633E-10
1.285994884315326E-10
1.2772946679743576E-10
1.268827128146386E-10
1.2600617753506702E-10
1.2515374130579824E-10
1.2427259865853556E-10
1.2341637799561296E-10
1.2253229796312267E-10
1.2167391832045104E-10
1.2078782847315436E-10
1.1992780839551322E-10
1.1904167017031678E-10
1.1818237821526147E-10
1.1729669454840554E-10
1.1643851036852304E-10
1.1555458880513586E-10
1.1469835087096244E-10
1.1381740555852978E-10
1.129646387713178E-10
1.1208768989941354E-10
1.1123877232361937E-10
1.103661188014903E-10
1.0952212045772631E-10
1.086552390093128E-10
1.078166984980172E-10
1.0695538468456052E-10
1.0612276927759131E-10
1.0526908569082495E-10
1.0444352685173432E-10
1.0359640123986447E-10
1.027781700833053E-10
1.0193902760430679E-10
1.0112866023376461E-10
1.0029821930432408E-10
9.949623963026895E-11
9.867363535941886E-11
9.787956332400017E-11
9.706692653567414E-11
9.628248166818133E-11
9.547860535392075E-11
9.47026532071175E-11
9.390903628091869E-11
9.314324224514613E-11
9.23596318911909E-11
9.160366752470039E-11
9.082951588130291E-11
9.008271988812327E-11
8.931962131888436E-11
8.858369261862325E-11
8.783130846474173E-11
8.710521094993852E-11
8.636286463626649E-11
8.564734164746807E-11
8.491615510865318E-11
8.421118865206221E-11
8.349078034847456E-11
8.279596572090418E-11
8.208653366646995E-11
8.140270734768292E-11
8.070422571385062E-11
8.003102929989575E-11
7.93436453675808E-11
7.868114696140847E-11
7.800470251784117E-11
7.735251824082495E-11
7.6687239582139E-11
7.60459831302795E-11
7.539123017833754E-11
7.476049225772664E-11
7.411727806841907E-11
7.349743122362978E-11
7.286470600185036E-11
7.225509242354771E-11
7.163368488124741E-11
7.103450587973903E-11
7.042297924433755E-11
6.983397305212953E-11
6.923419092366486E-11
6.865618931323845E-11
6.806715301647781E-11
6.749953885667326E-11
6.692014347537258E-11
6.636163897669208E-11
6.579332022321897E-11
6.524570485623904E-11
6.468731390963195E-11
6.41499947564128E-11
6.360164253309786E-11
6.307307420895126E-11
6.25353593068709E-11
6.201728965576263E-11
6.148913523479183E-11
6.097977950900533E-11
6.046188283483476E-11
5.996288728006097E-11
5.945498643889156E-11
5.896539240380431E-11
5.846631993352159E-11
5.798611359628686E-11
5.7496768159307396E-11
5.7024862245784366E-11
5.654469191273802E-11
5.608246747216363E-11
5.561240357269995E-11
5.515939631755418E-11
5.46982698879515E-11
5.425381545458575E-11
5.380010828426281E-11
5.3362882120166544E-11
5.291904649867896E-11
5.2491345599885525E-11
5.205630942600851E-11
5.1637089869253256E-11
5.1210253579307335E-11
5.079938115080161E-11
5.038020514136696E-11
4.9976124872163887E-11
4.956661569441318E-11
4.917195058122894E-11
4.87698555027417E-11
4.838228228642938E-11
4.798831303270627E-11
4.7608733720477406E-11
4.72221211490103E-11
4.6849575188659585E-11
4.6470611187996026E-11
4.610527597368184E-11
4.5734844776302715E-11
4.5377836836786914E-11
4.5012791013525764E-11
4.466178182744801E-11
4.43052767208359E-11
4.3961727309991697E-11
4.36126362387771E-11
4.3275737592946295E-11
4.2932531078721585E-11
4.2601683837832814E-11
4.2266471559703313E-11
4.194372530921798E-11
4.1614565352234124E-11
4.129675656049465E-11
4.0974735200521035E-11
4.0663723071752485E-11
4.03472871787562E-11
4.0042781390513803E-11
3.973384392840239E-11
3.943582597271916E-11
3.91329242952407E-11
3.884092819467114E-11
3.854381201535357E-11
3.82572605114785E-11
3.796480035776592E-11
3.7682260599931886E-11
3.739739318642841E-11
3.712397259496137E-11
3.684430058797447E-11
3.657309306847143E-11
3.629929913637727E-11
3.6036384490072646E-11
3.576679325853901E-11
3.5506919344022375E-11
3.524303844918255E-11
3.498912885217187E-11
3.473149634389071E-11
3.448291803288923E-11
3.423037776368563E-11
3.398685464185227E-11
3.3739256083886216E-11
3.3500269711072405E-11
3.325592276021435E-11
3.302007278507765E-11
3.2783114167093725E-11
3.2553844852177916E-11
3.232074022628453E-11
3.209567403025084E-11
3.186684219639164E-11
3.164632177150614E-11
3.142196305010602E-11
3.120585307728437E-11
3.0986980401309145E-11
3.0775938337933334E-11
3.0559433388765244E-11
3.03509716045729E-11
3.014035303473673E-11
2.993593414520294E-11
2.9728696300623414E-11
2.9529464981299994E-11
2.932704893158099E-11
2.913120316379148E-11
2.893250662814804E-11
2.8740954734168806E-11
2.854649053552642E-11
2.8358789125243205E-11
2.8168156914297378E-11
2.798420871873706E-11
2.7796467957889638E-11
2.7614924031725913E-11
2.7430388978148674E-11
2.7252897466052034E-11
2.7072138417332197E-11
2.68980176505148E-11
2.672320425409947E-11
2.655390836337422E-11
2.6379858437494536E-11
2.621142734307652E-11
2.604101354044186E-11
2.5877676991163916E-11
2.5712572529976418E-11
2.5551467596100973E-11
2.5385423110513185E-11
2.5227165798396063E-11
2.5068895304535776E-11
2.4913466185794587E-11
2.475635063309058E-11
2.4606204570543345E-11
2.445259278537398E-11
2.430205883992831E-11
2.4150660492465246E-11
2.400501271665695E-11
2.3856374207713375E-11
2.371458196962005E-11
2.356955597360729E-11
2.3428368237733416E-11
2.3284674827242237E-11
2.3145581992255597E-11
2.3006933101449324E-11
2.2872102348231227E-11
2.273374734351766E-11
2.2601040205768946E-11
2.2467053051589467E-11
2.2337944860839027E-11
2.2204146599897534E-11
2.20758298236986E-11
2.1946036569200336E-11
2.182007223994843E-11
2.169206869085285E-11
2.1568609325368655E-11
2.1443321400542692E-11
2.1322027594932945E-11
2.1198613153936334E-11
2.1078382162543245E-11
2.0959573172926276E-11
2.0843589526358582E-11
2.072525528542285E-11
2.0611002931851337E-11
2.0495542586871984E-11
2.038364602658697E-11
2.0268390848525888E-11
2.0157471868442432E-11
2.004475646238973E-11
1.9937394489021523E-11
1.9827576967063973E-11
1.972059494062162E-11
1.961182815548729E-11
1.9505981452687863E-11
1.9401849902570516E-11
1.9299817623701234E-11
1.9193629612211928E-11
1.909368311283803E-11
1.899141097773271E-11
1.889183550134742E-11
1.8790977450928272E-11
1.869196897591552E-11
1.8593657389102007E-11
1.849855654301066E-11
1.8400391554066947E-11
1.8306614570598162E-11
1.821092379377546E-11
1.8116702688312488E-11
1.802200083953256E-11
1.7932534797338475E-11
1.784138839967873E-11
1.7750453008598762E-11
1.766037462507456E-11
1.757323493885561E-11
1.7482429638956883E-11
1.739535808366804E-11
1.7310264424410388E-11
1.722621037291796E-11
1.7137616415199142E-11
1.705451617779507E-11
1.6970156655676536E-11
1.688644351629615E-11
1.680220410928963E-11
1.6722381632618888E-11
1.6640775947690648E-11
1.6559649073737584E-11
1.6477751185607854E-11
1.639934247464897E-11
1.632284110917382E-11
1.624677328955872E-11
1.6166145099521765E-11
1.6089361202978308E-11
1.6014521226983582E-11
1.5941052687821083E-11
1.586377304880661E-11
1.5789242505086663E-11
1.5715077828874436E-11
1.5644550698298335E-11
1.5571200883380225E-11
1.5498289704497578E-11
1.5425441829755293E-11
1.5355323856081596E-11
1.5286927214832188E-11
1.521921180124241E-11
1.5146711830979936E-11
1.5077529683385396E-11
1.5009205613102252E-11
1.4943841611853792E-11
1.4876144062501488E-11
1.4808898816084064E-11
1.474096365382067E-11
1.467535630726812E-11
1.4610155967179917E-11
1.4547793855515108E-11
1.4483276963985294E-11
1.4419036780158928E-11
1.4353924198911444E-11
1.4290984121758812E-11
1.4228185911897664E-11
1.4167176566914897E-11
1.4107733031863214E-11
1.4048836656559146E-11
1.398536122816129E-11
1.3924583689625281E-11
1.3864199444627755E-11
1.3805378728299167E-11
1.3746597641144765E-11
1.3690542162959377E-11
1.3632428257270989E-11
1.357433452085714E-11
1.3515401670318841E-11
1.3458418425422282E-11
1.340148456650538E-11
1.334598526989281E-11
1.3290656164229823E-11
1.323781437768082E-11
1.318279743861615E-11
1.3127765730629117E-11
1.3071827150531647E-11
1.3017739463066375E-11
1.296395721497961E-11
1.2911373664670551E-11
1.2858408544768513E-11
1.2806950633451095E-11
1.275652876121877E-11
1.2706649083538432E-11
1.2653324502264602E-11
1.2601682843056747E-11
1.254977272532141E-11
1.2499559645458649E-11
1.2449338668679023E-11
1.2400147403949164E-11
1.2350834321022498E-11
1.2302992339125912E-11
1.2254568022565978E-11
1.2208124217529066E-11
1.2158812124651867E-11
1.211005279721591E-11
1.2061275673239912E-11
1.2013861075343383E-11
1.196592275777507E-11
1.1919208554279866E-11
1.1871877852716424E-11
1.1825752407142535E-11
1.1778972346189751E-11
1.1733419640000363E-11
1.1687223877862915E-11
1.1642381615236943E-11
1.159726335165743E-11
1.1552785069500623E-11
1.1505523155605212E-11
1.1460167198890172E-11
1.1414231457462705E-11
1.1369590195226757E-11
1.1324159634342804E-11
1.1279962369162265E-11
1.1234904222050711E-11
1.1191072876831194E-11
1.1146336622689335E-11
1.1102842024665678E-11
1.1058420713214669E-11
1.1015296856137188E-11
1.09713273111087E-11
1.0929137081060347E-11
1.088421694041505E-11
1.0840020227420252E-11
1.0794998140849304E-11
1.0751165655546166E-11
1.0706790599015493E-11
1.0663578628203786E-11
1.0619802620157445E-11
1.05770477024584E-11
1.0533646134818334E-11
1.0491232752769927E-11
1.0448131508820787E-11
1.0406007167477546E-11
1.0363166474593559E-11
1.0321300322275328E-11
1.0278695719849398E-11
1.0237069215736511E-11
1.0194687858239833E-11
1.0153295897766213E-11
1.0111144420313982E-11
1.0070017683929515E-11
1.0028188812479848E-11
9.987670813968945E-12
9.945373530842836E-12
9.903803649237194E-12
9.861677552345691E-12
9.820614686831111E-12
9.778771701969646E-12
9.737934099663132E-12
9.696269248501243E-12
9.655601641258174E-12
9.614079311855677E-12
9.573556038631286E-12
9.532155458614855E-12
9.491758814789839E-12
9.450463296527185E-12
9.410177079642625E-12
9.368969320526337E-12
9.328774664297502E-12
9.287632347215579E-12
9.247502406150913E-12
9.206391117871152E-12
9.16628088584143E-12
9.125138409970817E-12
9.084958514982775E-12
9.043646443058785E-12
9.00315913596296E-12
8.961168189886776E-12
8.919680081177718E-12
8.878497966269969E-12
8.838067229863438E-12
8.798125572368838E-12
8.758577486605544E-12
8.71937431650802E-12
8.680487120959973E-12
8.641897124743617E-12
8.603591446748896E-12
8.565560888342822E-12
8.527798669468317E-12
8.490299653118695E-12
8.453059843550958E-12
8.416076048273986E-12
8.379345643270997E-12
8.342866406121677E-12
8.306636395373855E-12
8.270653862337722E-12
8.234917186150698E-12
8.199424825864623E-12
8.164175285172173E-12
8.129167086626313E-12
8.094398753047559E-12
8.059868794403095E-12
8.025575698861462E-12
7.991517927032849E-12
7.95769390863288E-12
7.924102040978463E-12
7.890740688855797E-12
7.857608185400815E-12
7.824702833711645E-12
7.792022908973924E-12
7.759566660928498E-12
7.727332316549246E-12
7.695318082829658E-12
7.663522149600459E-12
7.631942692320194E-12
7.600577874795636E-12
7.569425851800733E-12
7.538484771572856E-12
7.507752778171919E-12
7.477228013693916E-12
7.446908620335025E-12
7.416792742305649E-12
7.386878527596399E-12
7.357164129599848E-12
7.327647708593312E-12
7.298327433088957E-12
7.269201481057647E-12
7.240268041034037E-12
7.211525313110011E-12
7.182971509823624E-12
7.154604856950919E-12
7.1264235942074326E-12
7.0984259758660235E-12
7.070610271297738E-12
7.042974765441257E-12
7.015517759207268E-12
6.988237569822664E-12
6.961132531119876E-12
6.934200993776038E-12
6.9074413255062215E-12
6.8808519112150775E-12
6.854431153110341E-12
6.828177470781984E-12
6.802089301250115E-12
6.776165098984479E-12
6.750403335898541E-12
6.7248025013205474E-12
6.6993611019437255E-12
6.674077661758074E-12
6.648950721965398E-12
6.6239788408794686E-12
6.599160593812989E-12
6.5744945729527744E-12
6.549979387224582E-12
6.525613662148738E-12
6.501396039687772E-12
6.4773251780870876E-12
6.45339975170957E-12
6.429618450865024E-12
6.405979981635149E-12
6.382483065695013E-12
6.3591264401311466E-12
6.3359088572574924E-12
6.3128290844291765E-12
6.289885903855015E-12
6.267078112408783E-12
6.2444045214400026E-12
6.2218639565843906E-12
6.199455257574324E-12
6.1771772780497024E-12
6.155028885369164E-12
6.133008960422452E-12
6.1111163974434136E-12
6.089350103824532E-12
6.0677089999324834E-12
6.046192018925491E-12
6.024798106572101E-12
6.003526221071713E-12
5.982375332877099E-12
5.961344424518626E-12
5.940432490430602E-12
5.919638536779637E-12
5.8989615812951185E-12
5.8784006531018046E-12
5.857954792554641E-12
5.837623051075779E-12
5.817404490993801E-12
5.797298185385244E-12
5.777303217918385E-12
5.7574186826991976E-12
5.737643684119756E-12
