0.0
1.135799778837356E-11
3.407081865317469E-11
4.30063218135912E-11
5.801038662002992E-11
6.646356884186552E-11
7.796296490414866E-11
8.606906784254082E-11
9.575685053173013E-11
1.033573083322239E-10
1.1177123816411515E-10
1.188050147784843E-10
1.2619866310330444E-10
1.3265142743703783E-10
1.3918475056829427E-10
1.4506308315387296E-10
1.508541383966482E-10
1.5617584171765385E-10
1.6131706466752638E-10
1.6610696823982444E-10
1.7067222804557066E-10
1.749594592178971E-10
1.7900838924141918E-10
1.828242443102837E-10
1.8640593065530881E-10
1.8978233158366567E-10
1.9293767814234493E-10
1.9590608579911565E-10
1.9867008458249763E-10
2.0126060120323612E-10
2.0366363353750803E-10
2.0590472009023071E-10
2.079736912951254E-10
2.0989161406143173E-10
2.116505948816462E-10
2.1326971423573692E-10
2.1474034695565436E-10
2.1608263931530134E-10
2.1728452504304627E-10
2.1836991264318242E-10
2.1932055064247203E-10
2.2016670164731562E-10
2.2088162656447357E-10
2.2150374283450913E-10
2.2199625783148178E-10
2.2240690777811476E-10
2.2268711020874589E-10
2.2289507586776218E-10
2.229695792996242E-10
2.2297929403145758E-10
2.2284442380460753E-10
2.2265958334822617E-10
2.2243040331203663E-10
2.221623921440541E-10
2.218379003365588E-10
2.2147627400324787E-10
2.2105575062214322E-10
2.2060210955654124E-10
2.2008895196890895E-10
2.195476906919378E-10
2.18947556042589E-10
2.1832466112285682E-10
2.1764385463762522E-10
2.1694550937726472E-10
2.161905196134895E-10
2.1542311773422412E-10
2.1460026038341851E-10
2.137697733144802E-10
2.1288523232317488E-10
2.1199761530479477E-10
2.1105720753270686E-10
2.1011801819136182E-10
2.0912727169701267E-10
2.081415188034322E-10
2.0710568588039472E-10
2.060785415372618E-10
2.0500242160811306E-10
2.039382346050405E-10
2.028263936740243E-10
2.0172953152273018E-10
2.0058626939927614E-10
1.994607169498623E-10
1.982898331568512E-10
1.9713921955906405E-10
1.959445593037737E-10
1.947725211193245E-10
1.93557471378746E-10
1.923670047780366E-10
1.9113467534899397E-10
1.899289409085598E-10
1.886823272305639E-10
1.874638761017271E-10
1.8620565988544616E-10
1.8497721997741995E-10
1.837099985566983E-10
1.8247376235193328E-10
1.8119986036864454E-10
1.7995821825320796E-10
1.7867992373626926E-10
1.774347575154193E-10
1.7615373085230726E-10
1.7490708367154572E-10
1.7362548862697747E-10
1.7237877343383293E-10
1.7109809340138912E-10
1.6985310656683175E-10
1.6857498282191053E-10
1.6733308624136907E-10
1.6605905543938242E-10
1.6482159272765638E-10
1.6355293740423867E-10
1.6232135890253595E-10
1.6105887305543325E-10
1.5983390554820103E-10
1.5857926227279267E-10
1.5736216099075043E-10
1.5611624780915393E-10
1.5490793249261656E-10
1.5367112348848795E-10
1.5247226271759168E-10
1.5124618852957177E-10
1.5005779595255702E-10
1.4884259124627465E-10
1.4766513564068166E-10
1.464616943190192E-10
1.4529592787528273E-10
1.4410492611926532E-10
1.4295141747799952E-10
1.4177333518002796E-10
1.4063262942472966E-10
1.3946750828779386E-10
1.3833973437161802E-10
1.3718882239101903E-10
1.3607483886419693E-10
1.3493800836236543E-10
1.3383772847864763E-10
1.3271524613658904E-10
1.3162924824635964E-10
1.3052145508343013E-10
1.2944970456564232E-10
1.2835728805917065E-10
1.2730022849320274E-10
1.2622278285550973E-10
1.25180589009856E-10
1.2411846754822595E-10
1.2309122080704258E-10
1.2204461182875867E-10
1.2103257110376387E-10
1.200014551350084E-10
1.1900433814070617E-10
1.179892718847217E-10
1.1700750621096356E-10
1.1600756737846997E-10
1.1504078136518795E-10
1.1405709099130451E-10
1.1310597356895733E-10
1.1213759403514244E-10
1.1120129856259487E-10
1.1024894997247281E-10
1.0932838183450584E-10
1.0839130404405098E-10
1.0748561611302973E-10
1.0656427866979957E-10
1.0567379822809713E-10
1.0476825190029866E-10
1.0389265013094912E-10
1.0300227696903736E-10
1.0214150313004059E-10
1.012664685105179E-10
1.0042110991062716E-10
9.95613259984632E-11
9.872986822539377E-11
9.788550342351432E-11
9.706947710846771E-11
9.623936290836068E-11
9.54372526679931E-11
9.462243756397551E-11
9.383484215586072E-11
9.303438498977479E-11
9.22607967555466E-11
9.147517723299974E-11
9.071564955391382E-11
8.994435657923995E-11
8.919881799550446E-11
8.844137705149882E-11
8.77091856707867E-11
8.696634236236035E-11
8.624828260472325E-11
8.551814914295095E-11
8.481282173257185E-11
8.409695816800193E-11
8.340506651043444E-11
8.270267902997039E-11
8.202373795499647E-11
8.13341942238892E-11
8.066745622942163E-11
7.999141970019573E-11
7.933797910668197E-11
7.867512149210001E-11
7.80343490372466E-11
7.73833393660241E-11
7.675384534946967E-11
7.611583649254663E-11
7.549895091890145E-11
7.48725528508886E-11
7.4267688434875E-11
7.365341680669545E-11
7.30590192028693E-11
7.245722201101447E-11
7.187586981086737E-11
7.128564341008229E-11
7.071434038550074E-11
7.013517135451819E-11
6.957532578562283E-11
6.900693086563689E-11
6.845856874515461E-11
6.790260238942295E-11
6.736394785517996E-11
6.681695196726059E-11
6.6288776397517E-11
6.575415584539295E-11
6.523690708378289E-11
6.471190538179333E-11
6.420388986444196E-11
6.368989585347144E-11
6.319266040663965E-11
6.268867631057943E-11
6.220134040072753E-11
6.17056655998432E-11
6.12266411261E-11
6.074208860815291E-11
6.027354484151996E-11
5.979888206903548E-11
5.933966072341133E-11
5.887350914276772E-11
5.842266171182212E-11
5.7965588974205634E-11
5.752370577056274E-11
5.707594218582138E-11
5.664254413991729E-11
5.620417694684823E-11
5.57797736705027E-11
5.534871674894836E-11
5.49325421706932E-11
5.4510456481313657E-11
5.410186381513776E-11
5.368840913545745E-11
5.328800225935244E-11
5.2882725689224185E-11
5.249081873927754E-11
5.209393885908219E-11
5.170970393455011E-11
5.131989895310201E-11
5.0942877145213476E-11
5.056050941911356E-11
5.0190241693971505E-11
4.981592368962639E-11
4.945399374416722E-11
4.908693197640237E-11
4.8731683331052465E-11
4.837107889426043E-11
4.80226911883302E-11
4.766970508897808E-11
4.732787040194139E-11
4.6981194644695955E-11
4.66454562775293E-11
4.630752627762901E-11
4.5979936690555366E-11
4.5646005726647594E-11
4.532325770893768E-11
4.499804492897624E-11
4.468217377822532E-11
4.436174056487076E-11
4.405201627700209E-11
4.373898668744023E-11
4.3435753308821133E-11
4.31285794004934E-11
4.283094611933332E-11
4.252921114775981E-11
4.223734414299099E-11
4.194193430069875E-11
4.165579191291764E-11
4.136476116509433E-11
4.108317052803372E-11
4.0799056058562825E-11
4.052410882335409E-11
4.0244580666914507E-11
3.997364113951023E-11
3.9700086510999264E-11
3.943470670441078E-11
3.916666319131409E-11
3.890654125845026E-11
3.8643363033734304E-11
3.838828962496741E-11
3.813004409379483E-11
3.787966507466917E-11
3.762589384594359E-11
3.7380582831191764E-11
3.713211187710825E-11
3.6891658094520806E-11
3.664670557339289E-11
3.6409684883179705E-11
3.617168429495649E-11
3.594000451400391E-11
3.5704914055975024E-11
3.547711173016041E-11
3.524686097492633E-11
3.5023734234980036E-11
3.4797741030748184E-11
3.457872524052095E-11
3.435628345689487E-11
3.414112694618449E-11
3.3925156121033553E-11
3.371493138471115E-11
3.350006334954271E-11
3.329221409803449E-11
3.3081962553583806E-11
3.287839838329441E-11
3.2672825732475364E-11
3.247334292906229E-11
3.2271500692140885E-11
3.207571343303698E-11
3.187750065478386E-11
3.1685249529581714E-11
3.149040941455057E-11
3.1301167723703264E-11
3.1109100663952933E-11
3.092253430245175E-11
3.07357852775066E-11
3.0554606380265826E-11
3.036995852489677E-11
3.019161396005065E-11
3.0010859262181926E-11
2.983419786710105E-11
2.965747817492998E-11
2.94861325406053E-11
2.931039034239778E-11
2.914117705679744E-11
2.8970237914256874E-11
2.8803467396340558E-11
2.8634780840547763E-11
2.8471748046040124E-11
2.8306265626609912E-11
2.8145297371331287E-11
2.798315108426632E-11
2.782474767625904E-11
2.7665663350182938E-11
2.7511654100748265E-11
2.735366018824892E-11
2.7200955727764007E-11
2.7047690387680396E-11
2.689760642557053E-11
2.674639794661461E-11
2.6599391291568805E-11
2.645069339353462E-11
2.6307093365000815E-11
2.6160586438782737E-11
2.6018490679496734E-11
2.5874286396031407E-11
2.5734214307382617E-11
2.5592738211085086E-11
2.5455491425521146E-11
2.5317411584033768E-11
2.5182863926150284E-11
2.504636538247392E-11
2.4913696625181093E-11
2.477953976218943E-11
2.4649286220137022E-11
2.451761421071537E-11
2.438946974575398E-11
2.4259445464515695E-11
2.4133434790986766E-11
2.40064046419411E-11
2.3882443452304848E-11
2.3756683006043875E-11
2.3634462074554116E-11
2.3509828416741838E-11
2.3388351367620152E-11
2.3269258204475663E-11
2.315196803877176E-11
2.3032630033752875E-11
2.291635735413149E-11
2.279883408646863E-11
2.2686070642915308E-11
2.2570154567841562E-11
2.245746417876968E-11
2.234243758344343E-11
2.223026492359688E-11
2.2120717924828803E-11
2.2012352143439168E-11
2.190137234961536E-11
2.179527566574996E-11
2.1686237705017766E-11
2.1579405163125255E-11
2.1474731649048336E-11
2.1371546625959255E-11
2.126589959464289E-11
2.11648143159332E-11
2.1060735805239408E-11
2.095875397646987E-11
2.085884587713965E-11
2.076031198459761E-11
2.0658833236066934E-11
2.0562061515878626E-11
2.0463443905549853E-11
2.0365756186073706E-11
2.0268787701193237E-11
2.017561662054432E-11
2.0079522534371706E-11
1.9984722754347528E-11
1.9891355121503806E-11
1.9801310679875296E-11
1.9707947757878144E-11
1.961599230963657E-11
1.95260518679041E-11
1.943769901741272E-11
1.9345905511765146E-11
1.9256953392106596E-11
1.916929650760455E-11
1.9084618831943448E-11
1.8996501779831455E-11
1.8909612030606198E-11
1.8824324290545068E-11
1.8741949405753347E-11
1.8656049914248953E-11
1.857128808586494E-11
1.848760261782367E-11
1.8406319606714376E-11
1.8325883123035282E-11
1.824598242579038E-11
1.8162500235117252E-11
1.808218802074731E-11
1.8003298638071805E-11
1.7926879098283708E-11
1.7846886833048674E-11
1.776769450264808E-11
1.7689178843371464E-11
1.7612956402897444E-11
1.7537482370210298E-11
1.7462929318684024E-11
1.7386113393864103E-11
1.7311563752204012E-11
1.7237398179152774E-11
1.7164907523684053E-11
1.7093030432158802E-11
1.7021908157170423E-11
1.6948411460859262E-11
1.687714513862074E-11
1.680613191596115E-11
1.6736773297153265E-11
1.6667898815594E-11
1.6599771226293635E-11
1.652916392526427E-11
1.6460759245869788E-11
1.639245348199884E-11
1.632571544157768E-11
1.6259024094502896E-11
1.6194515764781826E-11
1.6127418561778694E-11
1.6061063777350836E-11
1.5994950885515175E-11
1.5930411335647328E-11
1.586562635909855E-11
1.580234630943392E-11
1.573889388519971E-11
1.567759256681355E-11
1.5613544743455464E-11
1.5550234797785454E-11
1.5486923145210265E-11
1.54251225369013E-11
1.5362753940735762E-11
1.5301646555107983E-11
1.5239757466956027E-11
1.517922939608784E-11
1.5119649766807032E-11
1.5060537219970626E-11
1.4999408113394113E-11
1.494000394418706E-11
1.488095404430026E-11
1.4822932495364968E-11
1.476506057705316E-11
1.470814680664542E-11
1.465137839395084E-11
1.4595663166659274E-11
1.4540489358928877E-11
1.4485598060550605E-11
1.442862559175574E-11
1.437323603339876E-11
1.431809244045049E-11
1.4263883795662942E-11
1.4209732766347874E-11
1.4156442437950353E-11
1.4103175326683836E-11
1.405076741616191E-11
1.3998412247144522E-11
1.3947024977236176E-11
1.3896076767629142E-11
1.3845374585724342E-11
1.3792638458931287E-11
1.3741380951442134E-11
1.3690291855835094E-11
1.364006767913635E-11
1.3589831401834483E-11
1.3540384091790935E-11
1.3490882069398069E-11
1.3442147815819958E-11
1.3393346490390888E-11
1.3345315530685898E-11
1.329723358250416E-11
1.3249974433374666E-11
1.3202804914123274E-11
1.315699750841811E-11
1.3109242036013296E-11
1.306170715806993E-11
1.3014504957142761E-11
1.2968160175604624E-11
1.2921760396416785E-11
1.2876092528016497E-11
1.2830307231058324E-11
1.2785219092733053E-11
1.27399877028213E-11
1.2695436949055277E-11
1.2650727771684917E-11
1.2606689905638473E-11
1.2562484276648544E-11
1.251894640556832E-11
1.247523855167331E-11
1.2432205503410344E-11
1.2389018986820276E-11
1.2346553700332652E-11
1.2304056344285434E-11
1.2262744511482284E-11
1.221964225879575E-11
1.2176740497005481E-11
1.2134019126831204E-11
1.2092046481391187E-11
1.204991844653491E-11
1.2008430421335362E-11
1.1966733040905294E-11
1.192564654037131E-11
1.1884329823585548E-11
1.1843612577588895E-11
1.1802655880550356E-11
1.1762296536360639E-11
1.1721697198356145E-11
1.1681702413056753E-11
1.1641477884007422E-11
1.1601878477938382E-11
1.1562076703220602E-11
1.1522943449577416E-11
1.1483666444412785E-11
1.144514576996663E-11
1.1406605429028979E-11
1.1369010706688488E-11
1.1331687346225361E-11
1.1295796966849741E-11
1.1261065319884791E-11
1.1229681715296864E-11
1.1205079209840849E-11
1.1182546562172533E-11
