0.0
2.388976540695567E-12
1.3461023334401345E-11
1.7615860745696615E-11
2.4544592252666284E-11
2.807049284316385E-11
3.312823355173556E-11
3.6452912789504E-11
4.060475738807436E-11
4.370289068753057E-11
4.724600541769078E-11
5.010325091373701E-11
5.317002379702664E-11
5.578188238458267E-11
5.845728971190917E-11
6.082739200502324E-11
6.317134122965071E-11
6.530665708133644E-11
6.736546751258723E-11
6.927613597818556E-11
7.108598880545632E-11
7.278423995675214E-11
7.437366531072308E-11
7.58729715756519E-11
7.726490226168246E-11
7.857883227956622E-11
7.979060764886118E-11
8.093251289199467E-11
8.198111403753012E-11
8.296465851418612E-11
8.386124134457972E-11
8.469724727835067E-11
8.54544373902083E-11
8.615475737915213E-11
8.678143389727303E-11
8.735568113832179E-11
8.786100438220038E-11
8.831819060172362E-11
8.870906568168032E-11
8.905682784241305E-11
8.933967394705902E-11
8.958393244933024E-11
8.976436738006553E-11
8.991049308492121E-11
8.999186910573283E-11
9.00430844954743E-11
9.002823172333963E-11
8.998630306697077E-11
8.987443346802686E-11
8.9738211061813E-11
8.952762747125126E-11
8.930416902186615E-11
8.906854970058329E-11
8.882947704836598E-11
8.857168357534984E-11
8.831010796695446E-11
8.802704332036917E-11
8.773997826207486E-11
8.742964074373638E-11
8.711698180021604E-11
8.678058249090974E-11
8.644291160728007E-11
8.608117833275383E-11
8.572044611045208E-11
8.533596827148285E-11
8.495369449484806E-11
8.454803871611258E-11
8.414659616133292E-11
8.372120179658303E-11
8.330154939617784E-11
8.285949988120141E-11
8.242472172900449E-11
8.19669715135454E-11
8.151813633138479E-11
8.104702635016545E-11
8.058565672167019E-11
8.010291931270782E-11
7.96313170980694E-11
7.913795247986215E-11
7.865689864584384E-11
7.815456194093428E-11
7.76657674226956E-11
7.715658101715073E-11
7.666099353416091E-11
7.614574906029724E-11
7.564533807269889E-11
7.512530878655822E-11
7.462036124632238E-11
7.409657120171975E-11
7.358884583613292E-11
7.306166383876073E-11
7.255147192687538E-11
7.202324213980006E-11
7.15120567044228E-11
7.098228190246943E-11
7.047030987225793E-11
6.994083648302275E-11
6.942875493162555E-11
6.890054672351846E-11
6.839022594487209E-11
6.786143134496309E-11
6.735168621948634E-11
6.682675487867163E-11
6.631950306545241E-11
6.579625734822278E-11
6.529184631684389E-11
6.477117859205653E-11
6.426964488766552E-11
6.375314929714013E-11
6.325549631491554E-11
6.274303052229348E-11
6.224944639536519E-11
6.174006689439088E-11
6.125012470266819E-11
6.074645213634129E-11
6.026162520523313E-11
5.97624001973342E-11
5.928167319874037E-11
5.878799513439606E-11
5.831298972055816E-11
5.78246995678187E-11
5.7355279233408343E-11
5.687231557053245E-11
5.640807541903186E-11
5.5931733910163985E-11
5.547333296375424E-11
5.500252957716056E-11
5.454986419436373E-11
5.40849713386032E-11
5.363863606206242E-11
5.318099372470988E-11
5.27417173152E-11
5.228923280274596E-11
5.185384628283013E-11
5.140972184658076E-11
5.09833328070937E-11
5.0544438073729584E-11
5.012315076864645E-11
4.969044320354605E-11
4.9275481581504945E-11
4.8850084760426234E-11
4.8441918502362385E-11
4.80237478552436E-11
4.762141701923493E-11
4.721023592220095E-11
4.681540928385704E-11
4.64099664098836E-11
4.6020924391920594E-11
4.562252751198544E-11
4.5240484468619594E-11
4.484939017896707E-11
4.4474013683405506E-11
4.4089525561893305E-11
4.372070489670072E-11
4.3342497474923444E-11
4.2978956697002374E-11
4.2607828764275196E-11
4.2252515614712965E-11
4.188631107302515E-11
4.153584991475227E-11
4.1178169814290453E-11
4.083481171105501E-11
4.048320239643483E-11
4.014588827652986E-11
3.9800186193198254E-11
3.946779727981241E-11
3.9130117391582114E-11
3.880686381498778E-11
3.8473034542050794E-11
3.8152831110285857E-11
3.782778303184896E-11
3.751536054343902E-11
3.7194651613655996E-11
3.688734884061193E-11
3.657398516631648E-11
3.627370896713333E-11
3.596678478239028E-11
3.567228315138009E-11
3.536992672387019E-11
3.508007523710913E-11
3.478405613757016E-11
3.450038044719156E-11
3.420900292115665E-11
3.393005059687925E-11
3.3646325560063526E-11
3.337349174834637E-11
3.309554329895452E-11
3.282899388366621E-11
3.255361248248745E-11
3.2290892352611705E-11
3.202357973919363E-11
3.1767179579760465E-11
3.150440442633295E-11
3.1252566529047714E-11
3.099530806989378E-11
3.0748645139364485E-11
3.049637609808761E-11
3.0253687622387845E-11
3.000813435886727E-11
2.97718666344137E-11
2.9528758400783574E-11
2.9297288724193295E-11
2.906024071728784E-11
2.883234991162334E-11
2.860030468665827E-11
2.8378464477484924E-11
2.8151045550810594E-11
2.793247539446596E-11
2.770919180530566E-11
2.7494895949309098E-11
2.7277515407411065E-11
2.707020208903884E-11
2.685661296975976E-11
2.6650825082711396E-11
2.6440220084279764E-11
2.6238962296662465E-11
2.603507264067599E-11
2.583854541706999E-11
2.5636010829816138E-11
2.5442897876648524E-11
2.524648662668329E-11
2.5057946090572476E-11
2.4865029148809214E-11
2.467990338932973E-11
2.4488852634244057E-11
2.430654046446797E-11
2.4123512806016038E-11
2.394710042492148E-11
2.376746914116819E-11
2.3595296974399488E-11
2.3417155477563557E-11
2.3244674898506667E-11
2.3070876633334574E-11
2.290588383565584E-11
2.2735324035134376E-11
2.2571426852400873E-11
2.2406693522911256E-11
2.2248353310180273E-11
2.2083481134618455E-11
2.192547177611085E-11
2.1767098163857317E-11
2.1615192567957875E-11
2.145698063832592E-11
2.1306948118664886E-11
2.1155577023457544E-11
2.1007728298809966E-11
2.0856305153850804E-11
2.071390044974683E-11
2.0567334467854914E-11
2.042546203770416E-11
2.0281048484774572E-11
2.0141769827419504E-11
2.0000631227081714E-11
1.9865833301704797E-11
1.9728328386120873E-11
1.9594916416620315E-11
1.9459112283855242E-11
1.9330056707400055E-11
1.9198706372856742E-11
1.907341583604238E-11
1.8941534693194234E-11
1.8816121630025183E-11
1.868793291382292E-11
1.856493114002097E-11
1.843997008376921E-11
1.8320247211831247E-11
1.8197674555357312E-11
1.8078161447087178E-11
1.7960061772452015E-11
1.7846191540687257E-11
1.7729553617121405E-11
1.7617584938951258E-11
1.7502220174176878E-11
1.7391230011113792E-11
1.727781578923201E-11
1.7168974632960504E-11
1.7058274363026584E-11
1.6954321642538284E-11
1.6845912075005934E-11
1.6741729951983993E-11
1.663257439211881E-11
1.652760256834587E-11
1.6425865967900726E-11
1.6326791603791314E-11
1.622407695585827E-11
1.6126488235036442E-11
1.602669496441006E-11
1.5929613556612403E-11
1.5830782252895946E-11
1.5736535644019585E-11
1.5640258753471948E-11
1.5548971370585284E-11
1.5454638555948423E-11
1.536235115831353E-11
1.527020757859087E-11
1.5181459925756212E-11
1.5089415017838555E-11
1.5002997958719553E-11
1.4912929203564442E-11
1.4825467903409163E-11
1.4740202752748777E-11
1.465596374115251E-11
1.456642708833694E-11
1.4483095572182788E-11
1.4401889639850677E-11
1.4320910079878175E-11
1.4234693827566546E-11
1.4154916543332563E-11
1.4075867151566406E-11
1.3996921786323907E-11
1.3914750121655092E-11
1.3838331526441094E-11
1.3762026812691233E-11
1.3686289452178505E-11
1.3607240605849604E-11
1.3532892383059871E-11
1.3458247809420743E-11
1.3385125132958172E-11
1.3308990311735425E-11
1.3236864859012421E-11
1.3163777628357308E-11
1.3094558729822751E-11
1.3021428867365056E-11
1.2950085795807794E-11
1.2879467631403558E-11
1.2810955133500843E-11
1.2743010770417825E-11
1.2676798354213367E-11
1.260744332998778E-11
1.254096512119027E-11
1.2472971070349945E-11
1.2409526396772141E-11
1.2342481546583452E-11
1.2276582583367797E-11
1.2211218219337298E-11
1.214767467049615E-11
1.2084041598823321E-11
1.2024283520280674E-11
1.1960524638287834E-11
1.1897325455654173E-11
1.183432842892554E-11
1.1774163036894549E-11
1.1714215030779734E-11
1.165684185459064E-11
1.1595010691159885E-11
1.1534523147873212E-11
1.1474272212636175E-11
1.1416100123754971E-11
1.1358627814217467E-11
1.1302836397730686E-11
1.1246191774448065E-11
1.1190488157545687E-11
1.1131390751295951E-11
1.1075590490746303E-11
1.1019067297153189E-11
1.0964222923454698E-11
1.0908959972686296E-11
1.0855582402967382E-11
1.0803156463323287E-11
1.0751102183642495E-11
1.0695299867817414E-11
1.0642691411828742E-11
1.0589178921410528E-11
1.0536890047551753E-11
1.048387899970195E-11
1.0433362845036662E-11
1.0383608461481367E-11
1.0333826653483552E-11
1.0281010374888608E-11
1.0230980953834585E-11
1.0179324761117395E-11
1.0129365065794545E-11
1.0079530054232766E-11
1.0030971826081616E-11
9.982294169459182E-12
9.935050135186624E-12
9.887527693328512E-12
9.840881378583796E-12
9.791757832479267E-12
9.74440996920395E-12
9.695165045996451E-12
9.648038215673304E-12
9.601220957777485E-12
9.555271333848537E-12
9.509029286111539E-12
9.463941876926331E-12
9.417920320457525E-12
9.373749349717072E-12
9.330493280302381E-12
9.287081349160188E-12
9.240194718531933E-12
9.195637322016884E-12
9.150057787338257E-12
9.106033132257537E-12
9.062034300801028E-12
9.018844606657888E-12
8.9753318266249E-12
8.93283417109822E-12
8.889404251184597E-12
8.847437040085925E-12
8.805644553908375E-12
8.764716796541997E-12
8.723643319222368E-12
8.682987041421809E-12
8.639730999791087E-12
8.598273697486859E-12
8.555717500751723E-12
8.514562228919666E-12
8.473404470605508E-12
8.432955142622775E-12
8.392185122204737E-12
8.35231538757336E-12
8.311552117779917E-12
8.271889458382226E-12
8.232192582052025E-12
8.193386515867717E-12
8.154057194302063E-12
8.115457940474361E-12
8.076523142907287E-12
8.038738957438966E-12
8.001231634431957E-12
7.96382679621953E-12
7.923908151421286E-12
7.885593917659743E-12
7.846273625578547E-12
7.80807618548467E-12
7.770208776664841E-12
7.732962076516846E-12
7.694848825040125E-12
7.657756787116588E-12
7.620449137117406E-12
7.583662035678552E-12
7.546438035948941E-12
7.510147498908036E-12
7.473687706334472E-12
7.437752030997208E-12
7.401179881629706E-12
7.365445338028965E-12
7.329470867794875E-12
7.294160572077568E-12
7.258507164404531E-12
7.2235388604227175E-12
7.188249557797389E-12
7.153665783140746E-12
7.118823240905596E-12
7.084801668646231E-12
7.050956123064514E-12
7.01717166767813E-12
6.981000432694664E-12
6.946273774805468E-12
6.911472331038726E-12
6.8769447488547865E-12
6.842000494198438E-12
6.8079731921105144E-12
6.774173782287342E-12
6.7408042701941935E-12
6.707585670832035E-12
6.674748700221994E-12
6.642032269712232E-12
6.6096762980861715E-12
6.577425978505982E-12
6.545524550314043E-12
6.51371992773993E-12
6.4822567878269375E-12
6.4508842835997325E-12
6.419847848924539E-12
6.388897086789594E-12
6.358277972869818E-12
6.327740044661488E-12
6.297529818158118E-12
6.267396361157571E-12
6.237586834142332E-12
6.207849463683153E-12
6.178432205523442E-12
6.149082054331133E-12
6.120047910224689E-12
6.091075070726046E-12
6.0624134589389315E-12
6.033806033390475E-12
6.005503586987332E-12
5.977245633860411E-12
5.949282898983953E-12
5.921348682460886E-12
5.89368889051528E-12
5.866016416213307E-12
5.838520145077907E-12
5.811160116080188E-12
5.78407501903143E-12
5.757280896738175E-12
5.7306626793795446E-12
5.704308105345351E-12
5.678104188772415E-12
5.652159096800461E-12
5.626349222459905E-12
5.600798860238276E-12
5.5753713557464725E-12
5.550206301071764E-12
5.525153035778947E-12
5.5003663449227034E-12
5.475680989536697E-12
5.451267075022997E-12
5.426944347588154E-12
5.402898455833049E-12
5.378933751240164E-12
5.3552516954150716E-12
5.331640890249716E-12
5.308318906596944E-12
5.28505825268682E-12
5.262092921659759E-12
5.239178987515142E-12
5.216567190602553E-12
5.1939968296430905E-12
5.171735726366611E-12
5.149506060360721E-12
5.127593076786888E-12
5.105701487964688E-12
5.08413431171961E-12
5.0625784398161275E-12
5.0413550187557894E-12
5.020132760708862E-12
4.999251303651454E-12
4.9783608148708485E-12
4.957819793434465E-12
4.937259489861405E-12
4.917057640951485E-12
4.896826201704125E-12
4.8769625304458475E-12
4.857058900822275E-12
4.837532683864618E-12
4.817956078684353E-12
4.798766867913822E-12
4.7795167753043604E-12
4.760664401895222E-12
4.741740587457813E-12
4.7232251663712185E-12
4.7046276777229645E-12
4.686449612631131E-12
4.668178784370415E-12
4.650338772816828E-12
4.63239523165064E-12
4.6148942703704514E-12
4.5972789402261665E-12
4.580118330172497E-12
4.562832436768724E-12
4.546013787374475E-12
4.52905886161213E-12
4.51258409327635E-12
4.4959619722696764E-12
4.479833315854278E-12
4.4635461400620365E-12
4.447766131327963E-12
4.4318163353336405E-12
4.416387801486074E-12
4.400778094920119E-12
4.385704128900728E-12
4.370437462267108E-12
4.355721378495781E-12
4.340800886031132E-12
4.326446147671207E-12
4.311875054931057E-12
4.29788515717499E-12
4.283666633257911E-12
4.270044916354867E-12
4.256181836029293E-12
4.242931181052721E-12
4.2294257316468826E-12
4.216548047037898E-12
4.203401047307498E-12
4.190896349046286E-12
4.178105978858266E-12
4.165970589978078E-12
4.153529757013039E-12
4.141752310899264E-12
4.129642306260786E-12
4.118193106998153E-12
4.106364475109265E-12
4.095157777774477E-12
4.0834455377590935E-12
4.072104946670559E-12
4.059266201732816E-12
4.050336284966284E-12
4.041870747644219E-12
4.0334296404422636E-12
4.02431956574349E-12
4.015900553686745E-12
4.006994404996078E-12
3.9988884692202205E-12
3.9903263822504464E-12
3.982614662057836E-12
3.974448835185487E-12
3.967168427453795E-12
3.959426405201156E-12
3.952599522377772E-12
3.945299334110475E-12
3.9389418542742E-12
3.932097153861419E-12
3.926221859215096E-12
3.919844036427552E-12
3.9144620204540745E-12
3.908561144672927E-12
3.903682435421358E-12
3.898267643875361E-12
3.8939014089583085E-12
3.888980956384738E-12
3.88513540983014E-12
3.8807164306701175E-12
3.877398435861823E-12
3.873486356389112E-12
3.870700595570185E-12
3.867297975708643E-12
3.865045329610001E-12
3.8621495609954875E-12
3.860423760028321E-12
3.858022034676515E-12
3.8568017874571345E-12
3.854858138920897E-12
3.854084372747016E-12
3.852496138956057E-12
3.851978096037434E-12
3.8503314123811455E-12
3.84883783022157E-12
3.84777420099052E-12
3.852615225091129E-12
3.855043712116221E-12
3.8583788145800265E-12
3.860654902436914E-12
3.864247352518216E-12
3.866910262441854E-12
3.8710021780656004E-12
3.874182626913332E-12
3.878853802674933E-12
3.8826031990887554E-12
3.88788915241522E-12
3.892231541576206E-12
3.89814939435712E-12
3.903095417970398E-12
3.909651771049772E-12
3.915203129134017E-12
3.9223964193102526E-12
3.928546768303206E-12
3.936366989975339E-12
3.943100521094477E-12
3.951526467018305E-12
3.958813320246128E-12
3.967805202510608E-12
3.975589421705041E-12
3.985068396231119E-12
3.993230868445831E-12
4.003005720002074E-12
4.0111991320239444E-12
4.020509285896427E-12
4.0262834916127784E-12
4.040047391491834E-12
4.0540738295949125E-12
4.068549574939379E-12
4.0810588638942304E-12
4.095302338256313E-12
4.107910944248176E-12
4.1224594863846175E-12
4.135414744228641E-12
4.1504050416774275E-12
4.1637919279864474E-12
4.179285826263173E-12
4.193155042964636E-12
4.209202722394743E-12
4.2236081969423396E-12
4.240274724390778E-12
4.255295793321518E-12
4.2726824048358175E-12
4.288446385895268E-12
4.306716034736572E-12
4.323428261704782E-12
4.342841533298207E-12
4.360828069989386E-12
4.3817917001089744E-12
4.40154570725022E-12
4.424622973661281E-12
4.446632491810301E-12
4.4713286551378625E-12
4.4991805081396666E-12
4.542215368455755E-12
4.586927403746634E-12
4.6443940990804E-12
4.719711295417558E-12
4.8489185368652094E-12
4.991531013837289E-12
