0.0
2.4812802053910642E-12
1.3531646224188405E-11
1.769323680678987E-11
2.462294080462296E-11
2.8163976718764063E-11
3.323014564756611E-11
3.656956052064191E-11
4.073331191806817E-11
4.3846556881469754E-11
4.7401867418870114E-11
5.027375056244067E-11
5.335458690697491E-11
5.5981158033698853E-11
5.867028391189103E-11
6.105446416786908E-11
6.341197451531922E-11
6.556078234720377E-11
6.763262792902994E-11
6.955641761483752E-11
7.137998650376758E-11
7.309132889925515E-11
7.469354700961312E-11
7.620513577756528E-11
7.760901431829458E-11
7.893473572184501E-11
8.015879277914709E-11
8.131226130207083E-11
8.237196206216387E-11
8.336637824212319E-11
8.427424906494119E-11
8.512085414938675E-11
8.588817951375628E-11
8.659840941110474E-11
8.723537154313032E-11
8.781926468527712E-11
8.833382132436212E-11
8.880013486611972E-11
8.919973435224437E-11
8.955558063394206E-11
8.984685176993886E-11
9.009912799322995E-11
9.02878373453424E-11
9.04419691903689E-11
9.05309814625718E-11
9.058936983472147E-11
9.058142037679172E-11
9.05458108654604E-11
9.04407054232083E-11
9.031100578710873E-11
9.010658143197364E-11
8.988863577928015E-11
8.96588035146885E-11
8.942525176445176E-11
8.917262358377029E-11
8.891553802892438E-11
8.863740273668794E-11
8.835482382800493E-11
8.804947293481886E-11
8.774106076625078E-11
8.740850261442106E-11
8.70745064511431E-11
8.671706069341313E-11
8.63598318096248E-11
8.597849105946724E-11
8.559907719088769E-11
8.519662444909736E-11
8.479790716033222E-11
8.437562024146704E-11
8.39588336110983E-11
8.351911945901867E-11
8.308643503510578E-11
8.263126729717609E-11
8.21840904135462E-11
8.171533535288262E-11
8.12560944836679E-11
8.077475305544557E-11
8.030435078543176E-11
7.981270794147452E-11
7.933259344505492E-11
7.883203032918826E-11
7.834393434501925E-11
7.78358593651358E-11
7.734133535966823E-11
7.682661074915958E-11
7.632653613241406E-11
7.580724331012537E-11
7.530304645479214E-11
7.477922663090008E-11
7.427137536496053E-11
7.374480201663634E-11
7.323423853160389E-11
7.270604797548242E-11
7.219452273312392E-11
7.166471946173605E-11
7.11518952186293E-11
7.062241074528627E-11
7.011028722786827E-11
6.958070736854411E-11
6.906965602033277E-11
6.854099749360993E-11
6.80302368540021E-11
6.750416036100294E-11
6.699636301395228E-11
6.647208911482592E-11
6.596634028490684E-11
6.544490947414705E-11
6.494168194951196E-11
6.44237016781357E-11
6.392455944252661E-11
6.34109911388568E-11
6.291590480093116E-11
6.240549092350247E-11
6.191356228213122E-11
6.14084370553885E-11
6.0922080066874E-11
6.042156783518661E-11
5.993951869505841E-11
5.944340804187202E-11
5.896649886338702E-11
5.84766316392894E-11
5.8005237675759933E-11
5.752073580211571E-11
5.705415826616538E-11
5.657564715447931E-11
5.6116041805409224E-11
5.5642771823178847E-11
5.518812362127204E-11
5.472151473558491E-11
5.427236032010649E-11
5.381254675499509E-11
5.3371231765160425E-11
5.291737036063967E-11
5.2480579552855643E-11
5.203291331459532E-11
5.1602821612172546E-11
5.116109344777385E-11
5.073750202065471E-11
5.0304422052582285E-11
4.988690256960637E-11
4.9459233417174635E-11
4.904953351912156E-11
4.862793575413639E-11
4.82228368423624E-11
4.780937191348649E-11
4.741208338505209E-11
4.7004229220045505E-11
4.661297527072346E-11
4.621349060725228E-11
4.5829499886637295E-11
4.5434242865388393E-11
4.5055490824357954E-11
4.466795379977443E-11
4.4295390152193536E-11
4.3915586162189607E-11
4.355147116042557E-11
4.317743844337745E-11
4.2817965479538956E-11
4.2451024122677104E-11
4.2099598578008754E-11
4.173805704284831E-11
4.1391729154248985E-11
4.103768597772379E-11
4.069795630195574E-11
4.034940573374004E-11
4.001479060277338E-11
3.967508359949719E-11
3.9348057091174744E-11
3.901342552467449E-11
3.869350133213082E-11
3.8362894200285714E-11
3.8046112829599804E-11
3.772409063019653E-11
3.741466777827266E-11
3.709849846922366E-11
3.679511003006448E-11
3.6485100646871476E-11
3.618810701149984E-11
3.5884217195393684E-11
3.559252539636697E-11
3.52933058034902E-11
3.500656573904502E-11
3.471249829603233E-11
3.443148665212699E-11
3.414687640290526E-11
3.387239492237922E-11
3.3588864841397496E-11
3.331849154485036E-11
3.304381174986286E-11
3.277959808310578E-11
3.2509338810965053E-11
3.2249261145793554E-11
3.1984847731545236E-11
3.1731355958581145E-11
3.1471502614321466E-11
3.122249051381681E-11
3.0968413728048146E-11
3.072461202864673E-11
3.047411653269999E-11
3.0235834624807356E-11
2.999203930365998E-11
2.975689066535992E-11
2.951857076732242E-11
2.9289557295644095E-11
2.9054194196166163E-11
2.883032913350515E-11
2.8600216732826206E-11
2.8378563393713115E-11
2.8153163244594245E-11
2.7937010434163066E-11
2.7717515120230898E-11
2.7508346544858786E-11
2.7292337058927247E-11
2.7084004160339313E-11
2.6872538083595666E-11
2.6669674343428924E-11
2.64619370838131E-11
2.6262884468276715E-11
2.605955741005327E-11
2.586496897479211E-11
2.566665113640722E-11
2.5476349356475412E-11
2.528185469728796E-11
2.5095387010096265E-11
2.490464543978748E-11
2.4721764772312973E-11
2.453420596181463E-11
2.435296020659816E-11
2.4169430184152502E-11
2.3995373495920577E-11
2.38172803521889E-11
2.3645946652372643E-11
2.347079908280317E-11
2.3301351008053063E-11
2.3128766570152503E-11
2.2965231657782498E-11
2.2797518087414887E-11
2.2634631405704488E-11
2.246997025082081E-11
2.23141569300866E-11
2.215325219485486E-11
2.19965841401436E-11
2.1837610072016295E-11
2.1687639392863993E-11
2.1531283052700368E-11
2.1381848838164972E-11
2.1232187795470705E-11
2.1086286491489407E-11
2.0937993747864298E-11
2.0797202168126517E-11
2.0649725350090837E-11
2.050859999355417E-11
2.03653564355766E-11
2.0229235279292166E-11
2.009250076447739E-11
1.9957624711924268E-11
1.981867080973152E-11
1.9686794844299334E-11
1.9554573378701973E-11
1.942692849875761E-11
1.9295516777305932E-11
1.9169567480118797E-11
1.904131676264541E-11
1.8919719585768235E-11
1.879160541606637E-11
1.866991676906294E-11
1.854571890351579E-11
1.8424767894807618E-11
1.8305297073966828E-11
1.8190125415289776E-11
1.8072197131662558E-11
1.7959035563387478E-11
1.7843000135784473E-11
1.773139432918678E-11
1.7616881232862657E-11
1.750708677143703E-11
1.7392091798000275E-11
1.728560828327335E-11
1.7178851575822324E-11
1.7074501264076318E-11
1.6966041411026876E-11
1.68603200393176E-11
1.6756906616857466E-11
1.66574214634052E-11
1.6555443945451515E-11
1.6457115781487917E-11
1.635240425872345E-11
1.6254993309493848E-11
1.615543191598165E-11
1.6058273996419736E-11
1.5963863733505028E-11
1.5871676796616283E-11
1.5774202001591945E-11
1.5683730055624874E-11
1.5589983621916672E-11
1.5497669888684583E-11
1.540812141679558E-11
1.532149860345915E-11
1.5228656394487447E-11
1.5142251173735567E-11
1.5054298077590907E-11
1.4967693078433072E-11
1.4880317170644756E-11
1.4798769287263283E-11
1.4714175362504132E-11
1.4630016623319144E-11
1.4546807642945763E-11
1.446755787687331E-11
1.4384555519164259E-11
1.4304385735796535E-11
1.4224332488568329E-11
1.4147448626429264E-11
1.4067799784568737E-11
1.3991349821721091E-11
1.3914505731751428E-11
1.3839781754894118E-11
1.3761788413291789E-11
1.3687832485800449E-11
1.3613345780221234E-11
1.3542866976218825E-11
1.346870059149735E-11
1.3395909642394337E-11
1.3324095912898455E-11
1.325623275987728E-11
1.3184099531796296E-11
1.3113465811632476E-11
1.3042769800940678E-11
1.2975150167867213E-11
1.290776965758086E-11
1.2841951260702806E-11
1.2772868627239093E-11
1.2706729467968434E-11
1.2640248811512521E-11
1.257607780165711E-11
1.2513163564278951E-11
1.2451393594392817E-11
1.2383584086806115E-11
1.2320358708970946E-11
1.2258536627045008E-11
1.2199106688368745E-11
1.2135830250250034E-11
1.2073919590937454E-11
1.201203553695784E-11
1.1951866563827343E-11
1.1890345688723054E-11
1.1832022338358406E-11
1.1775891673089185E-11
1.1719909255781784E-11
1.1658394365515303E-11
1.1600252171634207E-11
1.1542055262893762E-11
1.1485838491186698E-11
1.1430426699085263E-11
1.137831837431107E-11
1.1321754157899356E-11
1.1265121133711694E-11
1.12086595425281E-11
1.1154600224478216E-11
1.1099793570210617E-11
1.1047373274506545E-11
1.0996152300139148E-11
1.0945324675005131E-11
1.0890124662164865E-11
1.0837141500940836E-11
1.0784218972648442E-11
1.0733466957294637E-11
1.06819260313164E-11
1.0631879049429695E-11
1.058173120736831E-11
1.0534891882248429E-11
1.0484347097899064E-11
1.0433367704180229E-11
1.0382750916971868E-11
1.0334090278474944E-11
1.0284401290434797E-11
1.023656916224262E-11
1.0188721123260245E-11
1.0142091164151308E-11
1.0095644088993456E-11
1.0051696032213389E-11
1.0003609865713763E-11
9.955694063020693E-12
9.908347136191792E-12
9.862547356513476E-12
9.815710534013224E-12
9.77056476313596E-12
9.725324972929176E-12
9.681118588424247E-12
9.63674775377395E-12
9.593643499639151E-12
9.550512770860765E-12
9.508111892242035E-12
9.46247230236911E-12
9.418548595940019E-12
9.374471790683712E-12
9.331735545877001E-12
9.28799567850395E-12
9.245733068984185E-12
9.203318943944192E-12
9.1617788250102E-12
9.119953397824246E-12
9.079084006053171E-12
9.037486175976859E-12
8.99723768861148E-12
8.957145472731073E-12
8.919168822668965E-12
8.877972107016012E-12
8.836494394762599E-12
8.794932688688932E-12
8.75503148201244E-12
8.714945876866804E-12
8.675590740472185E-12
8.635906782310437E-12
8.597148819935069E-12
8.557673756072807E-12
8.519366823421111E-12
8.48073805937551E-12
8.442794304100437E-12
8.404445435137103E-12
8.367096608022702E-12
8.329449915703033E-12
8.292736218640165E-12
8.255929729515087E-12
8.220841098697852E-12
8.183234750825532E-12
8.145650312312952E-12
8.107520062728264E-12
8.070681555639243E-12
8.033853068510232E-12
7.997575171962253E-12
7.960869859657893E-12
7.925214892130311E-12
7.889229570209786E-12
7.853878375974394E-12
7.818235166658142E-12
7.783290756850953E-12
7.747755441827031E-12
7.71307520213593E-12
7.678164568073901E-12
7.643932722634283E-12
7.609355155810502E-12
7.575471133006842E-12
7.54124832430903E-12
7.507716062963059E-12
7.473856928495687E-12
7.440687642533391E-12
7.407214351788038E-12
7.374445483159803E-12
7.34143674381616E-12
7.309240472861013E-12
7.27726454714401E-12
7.245444039155451E-12
7.211255392536052E-12
7.178022011831658E-12
7.144508395985292E-12
7.1119754859432505E-12
7.07975285935627E-12
7.047997504711174E-12
7.016436673487321E-12
6.985277527258738E-12
6.954273472879307E-12
6.923644429191174E-12
6.893152475154012E-12
6.863021810718432E-12
6.833018327146112E-12
6.803367884929854E-12
6.77383828467304E-12
6.744656085342261E-12
6.7155900433051645E-12
6.686867070406829E-12
6.658256293104675E-12
6.6299849043997826E-12
6.601821968240438E-12
6.573995021230596E-12
6.5462726869652714E-12
6.518882970793614E-12
6.4915936738023514E-12
6.464633406190595E-12
6.437768704593962E-12
6.411228866610222E-12
6.3847785716072005E-12
6.35864769478659E-12
6.332598074665859E-12
6.3068594124567795E-12
6.281188382256624E-12
6.255810809605132E-12
6.23046748594566E-12
6.205340940743506E-12
6.180316080020081E-12
6.15556527139726E-12
6.1311605971344366E-12
6.106955532601155E-12
6.083055708717251E-12
6.059326397330736E-12
6.0358964205875574E-12
6.012621058152026E-12
5.989645990334149E-12
5.966813378570244E-12
5.944284645490069E-12
5.921887724767743E-12
5.8997996071564025E-12
5.8778333733001315E-12
5.856181689583697E-12
5.8346423212725186E-12
5.813423829106849E-12
5.792308266271657E-12
5.7715203596291055E-12
5.7508260822937674E-12
5.730466628228259E-12
5.710191534813925E-12
5.6902587822717005E-12
5.670401120700875E-12
5.650893648331882E-12
5.631451976073475E-12
5.612368661549961E-12
5.593341821607613E-12
5.5746818226740825E-12
5.556068928091953E-12
5.537831669614513E-12
5.519632092031651E-12
5.501817255703714E-12
5.484030615442116E-12
5.466638130009066E-12
5.449264285920136E-12
5.432294316670732E-12
5.4153333547868345E-12
5.398786291379869E-12
5.382238511582939E-12
5.3661149536367025E-12
5.3499808537587134E-12
5.334281593634228E-12
5.3185618505286405E-12
5.303287852778651E-12
5.287983299834656E-12
5.273135676841334E-12
5.25824727730281E-12
5.243827260477886E-12
5.229356076063073E-12
5.215364981862649E-12
5.201312135774629E-12
5.187751325785542E-12
5.174117959321416E-12
5.160988793359121E-12
5.147776014972989E-12
5.1350797961142E-12
5.1222886217598E-12
5.110026531869407E-12
5.097657815060528E-12
5.0858308392571405E-12
5.073885189163474E-12
5.062494027309535E-12
5.050971712801805E-12
5.040016675760557E-12
5.0289175129517296E-12
5.018398400990969E-12
5.007721621346827E-12
4.997637581391858E-12
4.987381676824303E-12
4.977731034523757E-12
4.967893574817337E-12
4.958673636068674E-12
4.949251052252157E-12
4.940457866431332E-12
4.931445190549287E-12
4.9230732630597765E-12
4.914463807792674E-12
4.906505739657627E-12
4.8982906867659545E-12
4.890736696489793E-12
4.8829045282396665E-12
4.875741757261707E-12
4.868277379504616E-12
4.8614887435147665E-12
4.854371917341087E-12
4.847933868362206E-12
4.841135861421072E-12
4.835013114555323E-12
4.828487908251238E-12
4.822617760673035E-12
4.816271598983543E-12
4.810497400053032E-12
4.804013875958922E-12
4.797431220314212E-12
4.791263762026906E-12
4.789141601822349E-12
4.785379025098539E-12
4.782046804493009E-12
4.7780620448047285E-12
4.77481397799041E-12
4.771028341524466E-12
4.76808672117759E-12
4.764662863327922E-12
4.762180666389655E-12
4.75928682295727E-12
4.757468181823545E-12
4.7553643875598314E-12
4.7545528772313975E-12
4.753704067794697E-12
4.754547275168408E-12
4.7558839509553334E-12
4.759778759528576E-12
4.765525492882924E-12
4.776343677251807E-12
4.794284890309506E-12
4.8328661881708936E-12
4.8766550062978025E-12
4.815571846449784E-12
