0.0
5.963418900207278E-12
2.2682997584477708E-11
2.911181461189499E-11
3.984389287978994E-11
4.56211717004052E-11
5.366528479436955E-11
5.916262972118947E-11
6.585862531573934E-11
7.099507524302659E-11
7.675905066897009E-11
8.149886010834062E-11
8.65250494265276E-11
9.086125417440452E-11
9.527120802545863E-11
9.920879738463348E-11
1.0309158858391525E-10
1.0664344993900246E-10
1.100690579458414E-10
1.1325254618747166E-10
1.1627593759689666E-10
1.191120381025685E-10
1.2177700233394737E-10
1.242876446308385E-10
1.2663001376372708E-10
1.2883780989816588E-10
1.3088703972707827E-10
1.328144421487732E-10
1.3459532285724928E-10
1.3626345911125113E-10
1.3779725323871555E-10
1.3922603268817938E-10
1.405317279514872E-10
1.4173967201366428E-10
1.428337656211658E-10
1.4383769598714774E-10
1.4473479977903421E-10
1.455494611991073E-10
1.4626295612016693E-10
1.4690225867453893E-10
1.4744373776896678E-10
1.479189533558029E-10
1.4829837344472754E-10
1.4861966153010294E-10
1.4884530800199455E-10
1.4901991800766198E-10
1.490973783742986E-10
1.491300208119461E-10
1.4906216464395192E-10
1.4895409398754952E-10
1.4873728429743394E-10
1.4849313339847564E-10
1.4822304242943013E-10
1.4793581294626075E-10
1.476129855914751E-10
1.4727307519975582E-10
1.468943924907985E-10
1.4650051417664748E-10
1.4606656124497064E-10
1.4562030222322538E-10
1.4513429000837497E-10
1.4463929433788516E-10
1.4410444511047343E-10
1.435637840832648E-10
1.4298397571147323E-10
1.4240177592668547E-10
1.417815016946979E-10
1.411616940710442E-10
1.4050401656702685E-10
1.3984994784821495E-10
1.391591364234796E-10
1.3847451143483576E-10
1.377540026842901E-10
1.370419622693837E-10
1.3629489305604966E-10
1.355589378985744E-10
1.3478815435217684E-10
1.3403062921670467E-10
1.332397673508953E-10
1.324637774108385E-10
1.3165479653465112E-10
1.3086283209203626E-10
1.3003878098140845E-10
1.2923287292929813E-10
1.2839577618591524E-10
1.2757857374998578E-10
1.267306566777062E-10
1.2590380805341596E-10
1.2504715895400828E-10
1.242126745158283E-10
1.2334926246275437E-10
1.225089218415536E-10
1.216402873064597E-10
1.207958787493723E-10
1.1992352113372858E-10
1.1907604151644125E-10
1.1820174621599938E-10
1.1735291171984643E-10
1.1647768360024476E-10
1.1562884598076305E-10
1.1475420584114988E-10
1.1390610752551656E-10
1.1303284655707467E-10
1.1218667415733123E-10
1.1131611135438889E-10
1.104731609675254E-10
1.096064848772207E-10
1.0876760047942177E-10
1.0790503512737009E-10
1.0707045540659666E-10
1.062130046214707E-10
1.0538393646879692E-10
1.0453298292004415E-10
1.0370995769926179E-10
1.0286541244342373E-10
1.0204900736576908E-10
1.0121162031028655E-10
1.0040267660669608E-10
9.957337515868253E-11
9.877236278826014E-11
9.795083806590319E-11
9.715743686386385E-11
9.63450201994241E-11
9.556074388600331E-11
9.475709009907568E-11
9.398154680984948E-11
9.318736034329531E-11
9.242079043152978E-11
9.163640773627752E-11
9.087969784600038E-11
9.010530064971239E-11
8.935832589041987E-11
8.859409041732086E-11
8.785674834869379E-11
8.710280700583305E-11
8.637591021623252E-11
8.563255243428433E-11
8.491541872926327E-11
8.418312717423492E-11
8.347712100921078E-11
8.275555435374376E-11
8.206011290709876E-11
8.134887512196894E-11
8.066349100786282E-11
7.996357469386533E-11
7.928870161623191E-11
7.85997438639069E-11
7.793548508166872E-11
7.725789047992635E-11
7.660513716310643E-11
7.593760298542867E-11
7.529458807324111E-11
7.463915207052121E-11
7.400729178958799E-11
7.336255383164496E-11
7.274154179981482E-11
7.210779161052873E-11
7.149684543506556E-11
7.087403323461787E-11
7.027411371397043E-11
6.966163256510656E-11
6.907241201980495E-11
6.847108082204005E-11
6.789154595271876E-11
6.730034459255934E-11
6.673119459754246E-11
6.61521093099703E-11
6.559339323412625E-11
6.502362645600735E-11
6.447517694518716E-11
6.391633169648068E-11
6.337875544979279E-11
6.282987749571332E-11
6.230070434995582E-11
6.176175561715293E-11
6.124248642759622E-11
6.071464118376077E-11
6.020657815644833E-11
5.968818992300877E-11
5.918870513350164E-11
5.868001356101642E-11
5.819002006563917E-11
5.769071383470413E-11
5.721009948184518E-11
5.672132191865575E-11
5.625031779187138E-11
5.577029818271407E-11
5.530841474727105E-11
5.4837350553257274E-11
5.4383089825226744E-11
5.3921765005841534E-11
5.34782745612154E-11
5.302660241568783E-11
5.259065741694381E-11
5.214658163719684E-11
5.171929839663667E-11
5.128512272029754E-11
5.0866707683720934E-11
5.043968151173692E-11
5.002973902919067E-11
4.961161954336059E-11
4.92082772275667E-11
4.879959733217151E-11
4.8405712248004196E-11
4.8003814394459596E-11
4.7616979416387114E-11
4.72239750862376E-11
4.684554487581087E-11
4.646014337748336E-11
4.608904296844111E-11
4.571173724814544E-11
4.534799054126517E-11
4.497755933513807E-11
4.4621069425827384E-11
4.42581414873945E-11
4.390890573529153E-11
4.3554212520381665E-11
4.3212082331863607E-11
4.2863735875973676E-11
4.2527812695755524E-11
4.21873817512657E-11
4.185935266792248E-11
4.152459475737207E-11
4.1202135990454965E-11
4.0875935330503437E-11
4.056177408456887E-11
4.0240579221537056E-11
3.993064162385815E-11
3.961530139894042E-11
3.9312770983111804E-11
3.900649327610655E-11
3.871032391149307E-11
3.8407701361821896E-11
3.811673037008626E-11
3.7820091422722586E-11
3.7534810801888205E-11
3.7247296469952975E-11
3.696919520331524E-11
3.668468124316636E-11
3.6411196202490924E-11
3.6134122172301525E-11
3.586599624350074E-11
3.559304233778428E-11
3.533160577099373E-11
3.506591926419992E-11
3.480867028499121E-11
3.454700447753572E-11
3.429574442641176E-11
3.403972365071132E-11
3.3792916730067344E-11
3.354064166135481E-11
3.329716806677502E-11
3.305396186068508E-11
3.281836094742219E-11
3.2577436804671314E-11
3.234616798555949E-11
3.210964224437181E-11
3.188176948394526E-11
3.165201396943774E-11
3.1428967431967274E-11
3.120192548266702E-11
3.098442892497649E-11
3.076216516450155E-11
3.054851132589542E-11
3.033140725250356E-11
3.012161681536867E-11
2.990899388865603E-11
2.970306263232353E-11
2.949375374286564E-11
2.929219296583358E-11
2.9087689102176216E-11
2.8890933163743196E-11
2.8691151020479343E-11
2.8497861031866362E-11
2.8301816151750313E-11
2.811314458586893E-11
2.792099111160037E-11
2.773534124224543E-11
2.7546593997598546E-11
2.7364829565805668E-11
2.7179751127700054E-11
2.700088450026506E-11
2.6817977419890617E-11
2.6642681072423583E-11
2.64664708585473E-11
2.6295754748195896E-11
2.612240983637483E-11
2.5954663191775836E-11
2.5781557539997615E-11
2.5616049564079338E-11
2.5451450058500837E-11
2.5290757412567363E-11
2.5123130571296345E-11
2.4963226139760066E-11
2.480585381411878E-11
2.4651327979470257E-11
2.4492203042019075E-11
2.434034124472834E-11
2.4187037801385187E-11
2.4036962276818534E-11
2.388416451352467E-11
2.373788813523335E-11
2.3589590246849673E-11
2.3447094074781405E-11
2.3301806666957526E-11
2.3161065991436124E-11
2.3017307922755375E-11
2.2878179227390017E-11
2.2737817209705692E-11
2.2601925663168806E-11
2.2464639126078318E-11
2.2332179866697324E-11
2.2198173916539435E-11
2.2068298209672143E-11
2.1936246971510125E-11
2.1809931285309495E-11
2.16782181101272E-11
2.155186723245954E-11
2.1424129179756048E-11
2.1300627771180938E-11
2.1175323430380592E-11
2.105437348834279E-11
2.0931297502513144E-11
2.081094880612996E-11
2.069199642376202E-11
2.0576483488577567E-11
2.0458783848471506E-11
2.0344937093017912E-11
2.0228939771466727E-11
2.0116520059994038E-11
2.0002022224504534E-11
1.989304350579977E-11
1.9780529316697565E-11
1.967257981723507E-11
1.9562183214829663E-11
1.9454299759505033E-11
1.9349152988590625E-11
1.9246122455107282E-11
1.914067533781256E-11
1.9038233165638317E-11
1.8932710905315912E-11
1.883322669779877E-11
1.873021656272422E-11
1.863011135031513E-11
1.8532256914851615E-11
1.843567198155305E-11
1.8336730853094162E-11
1.824262386916057E-11
1.814462130114005E-11
1.8050004860319782E-11
1.795655645683515E-11
1.7864393730855553E-11
1.777122146807306E-11
1.768274115347734E-11
1.7588700382046187E-11
1.7497928423770234E-11
1.740982110797407E-11
1.7323855961168162E-11
1.7235379768505876E-11
1.7149160247128312E-11
1.70615909350023E-11
1.6976822867574902E-11
1.6891773860743193E-11
1.6808977274856355E-11
1.6724499909209762E-11
1.6643260404350897E-11
1.6560922913222193E-11
1.6480460543857648E-11
1.639925038829266E-11
1.632104895714803E-11
1.624082627702433E-11
1.6162540528412958E-11
1.6083631471999623E-11
1.6009393705041266E-11
1.5932924873897006E-11
1.5856479093528123E-11
1.577961889994341E-11
1.5707291726435223E-11
1.5632783194678892E-11
1.5558693548030595E-11
1.5484773602605274E-11
1.541363455145503E-11
1.5343219557906232E-11
1.5273318605660848E-11
1.519998378270305E-11
1.5130369910314823E-11
1.5060852872643465E-11
1.499297543150226E-11
1.4925541331627514E-11
1.485953358726529E-11
1.479050480466222E-11
1.4724159620798444E-11
1.4657796068846538E-11
1.4594226909471666E-11
1.4527669118228312E-11
1.446226193193212E-11
1.4397751049541557E-11
1.4334652586672002E-11
1.4270656152850777E-11
1.4208967321612099E-11
1.4148147855020215E-11
1.4087917994597784E-11
1.4024952361473867E-11
1.3964549279018512E-11
1.3903195794612119E-11
1.3843777349024001E-11
1.3784917896228082E-11
1.3728356158549813E-11
1.3668659953602604E-11
1.3609975439841127E-11
1.3551829709644687E-11
1.3494803255131243E-11
1.3437618429783836E-11
1.338242694144134E-11
1.3327286529385323E-11
1.327280907632048E-11
1.3216106020257026E-11
1.3161457718792397E-11
1.3105463090622422E-11
1.305130721857751E-11
1.2998066050315505E-11
1.2946011089510273E-11
1.2893165617165334E-11
1.2842585589797827E-11
1.2789694371289714E-11
1.2737311127697684E-11
1.2684948327060626E-11
1.2633733227664145E-11
1.2582220949459392E-11
1.2532391648427399E-11
1.2482613394050959E-11
1.2433601888115642E-11
1.2384186692469666E-11
1.2337165673761661E-11
1.2287574822803883E-11
1.2238320473833963E-11
1.2189405012094453E-11
1.2141574060330507E-11
1.2093483463845174E-11
1.2047054224019445E-11
1.2000745187829714E-11
1.1955631511187809E-11
1.190854423088823E-11
1.1863058786791806E-11
1.1816588000267754E-11
1.1772309844341688E-11
1.1724615076883741E-11
1.1677797358469532E-11
1.1630268120278052E-11
1.1584382955883704E-11
1.153729021789728E-11
1.149171607725009E-11
1.1444828536918108E-11
1.1399443846404609E-11
1.1352684673045897E-11
1.1307438623245372E-11
1.1260775133862761E-11
1.1215656356493018E-11
1.1169108836153663E-11
1.1124212395386705E-11
1.1078138418188002E-11
1.1033180816810652E-11
1.098516137148136E-11
1.0939238463222608E-11
1.0891909468130786E-11
1.0846217180320668E-11
1.0798933605682751E-11
1.0753249889219892E-11
1.0705892319903953E-11
1.0660134982347674E-11
1.061263268384974E-11
1.056673137977169E-11
1.051899864150963E-11
1.047282794196967E-11
1.0424627227393044E-11
1.0377975366194164E-11
1.0330070606432397E-11
1.0283708988406937E-11
1.0235953564917466E-11
1.0189845948789529E-11
1.0141678515586633E-11
1.0094818773864019E-11
1.0046597670079069E-11
9.999844415685117E-12
9.951522908428682E-12
9.904576581084924E-12
9.855897866423421E-12
9.808398219785783E-12
9.758654243239794E-12
9.70952342231237E-12
9.660535917065495E-12
9.612682504648581E-12
9.565515316651836E-12
9.518879088166051E-12
9.472697154117166E-12
9.426925038131952E-12
9.3815345586431E-12
9.336506846207639E-12
9.29182877384891E-12
9.247490936281623E-12
9.203486419576577E-12
9.159810010813119E-12
9.116457669664649E-12
9.073426164475284E-12
9.030712816187178E-12
8.988315315496968E-12
8.946231591156222E-12
8.904459714802275E-12
8.862997832340827E-12
8.821844114881813E-12
8.780996724206836E-12
8.740453789096876E-12
8.700213389795149E-12
8.660273548557215E-12
8.620632224735437E-12
8.581287313213418E-12
8.542236645281855E-12
8.503477991259036E-12
8.465009064321285E-12
8.426827525133407E-12
8.388930986967475E-12
8.351317021073757E-12
8.313983162127116E-12
8.27692691361837E-12
8.240145753096283E-12
8.203637137194284E-12
8.167398506396525E-12
8.131427289516258E-12
8.095720907870835E-12
8.06027677914796E-12
8.025092320964884E-12
7.990164954127238E-12
7.955492105598182E-12
7.921071211190799E-12
7.886899717998673E-12
7.852975086580168E-12
7.819294792912377E-12
7.78585633013118E-12
7.752657210072559E-12
7.71969496463125E-12
7.686967146950793E-12
7.65447133245914E-12
7.62220511976301E-12
7.590166131413288E-12
7.558352014552939E-12
7.52676044145822E-12
7.495389109983093E-12
7.464235743915909E-12
7.433298093257087E-12
7.402573934425101E-12
