0.0
3.3677878498796207E-12
1.6491508259338768E-11
2.1447701185366576E-11
2.971066358009539E-11
3.399690243413003E-11
4.008236440546966E-11
4.413580643070797E-11
4.9153334535649955E-11
5.2931559665443584E-11
5.722247969001831E-11
6.070461595627849E-11
6.442474133849952E-11
6.760515410313515E-11
7.085302233208273E-11
7.373671468032737E-11
7.658380612939694E-11
7.917956868010486E-11
8.16806279410772E-11
8.400182988245089E-11
8.620049558293843E-11
8.826213336942776E-11
9.019243388408684E-11
9.201130627444633E-11
9.370089104423443E-11
9.529424888353976E-11
9.676524407265823E-11
9.814952514047135E-11
9.942113276887234E-11
1.0061240786587181E-10
1.0170018419941222E-10
1.0271324183746865E-10
1.0363163233554569E-10
1.0448010601636527E-10
1.0524070597411856E-10
1.0593735146604907E-10
1.0655134514660341E-10
1.0710678325160104E-10
1.0758333824896233E-10
1.080071303250638E-10
1.0835485692670889E-10
1.0865599582918621E-10
1.0888148528608441E-10
1.0906579320540581E-10
1.0917478241482763E-10
1.0924768660855424E-10
1.0924296255717376E-10
1.0920668666875259E-10
1.0908982093984453E-10
1.0894420771905538E-10
1.0871185016000175E-10
1.0846292427506777E-10
1.0819697678604693E-10
1.0792431236626479E-10
1.0762689812464304E-10
1.0732222311883738E-10
1.0699010196095999E-10
1.0665134075458733E-10
1.0628344027239725E-10
1.0591091957205321E-10
1.0550847363993257E-10
1.05103424585356E-10
1.0466877665499858E-10
1.042339802828738E-10
1.0376963511458637E-10
1.0330712469183993E-10
1.0281594058075695E-10
1.0232860568482627E-10
1.0181279725688992E-10
1.0130326560282155E-10
1.0076569404164714E-10
1.0023593892359505E-10
9.967876935108823E-11
9.913141154522198E-11
9.855681445316909E-11
9.799361183367916E-11
9.740449147537633E-11
9.682806266670493E-11
9.622539301436324E-11
9.563694253214945E-11
9.502372133583694E-11
9.442571687861371E-11
9.380275399581893E-11
9.319640199604569E-11
9.256555495410747E-11
9.19520209692494E-11
9.131552485809949E-11
9.069686648973592E-11
9.005489347847261E-11
8.943215756324248E-11
8.878708290266005E-11
8.8161320321647E-11
8.751341719861068E-11
8.688597620030336E-11
8.623746437202705E-11
8.560968843826786E-11
8.496049567570702E-11
8.433222013728038E-11
8.368358768796949E-11
8.305665450424857E-11
8.240952000454102E-11
8.178397314049545E-11
8.113954746160842E-11
8.051720249908873E-11
7.987523859961904E-11
7.925571140984374E-11
7.86179295564036E-11
7.80025635832629E-11
7.736835234543201E-11
7.675689756382378E-11
7.612786706236024E-11
7.552106622272298E-11
7.489747652629003E-11
7.429637816577437E-11
7.367803049117752E-11
7.308199373949118E-11
7.247013517719853E-11
7.188069951104317E-11
7.127453302914371E-11
7.069111813019076E-11
7.009247021720607E-11
6.951601682168111E-11
6.892399280385498E-11
6.835382721572261E-11
6.776953326037964E-11
6.72071429450908E-11
6.662972908935073E-11
6.607444414802068E-11
6.550463804834908E-11
6.495655149862283E-11
6.439421560873195E-11
6.385318956206284E-11
6.330022474844879E-11
6.276843323964848E-11
6.222174224178691E-11
6.169625617755155E-11
6.115959802763361E-11
6.064311879756858E-11
6.0112627093935E-11
5.960345953967767E-11
5.908316392962994E-11
5.858237980904453E-11
5.8068889859109944E-11
5.7575409295218915E-11
5.707119187505225E-11
5.65862690724282E-11
5.609035161627318E-11
5.5614041281878585E-11
5.51264579959985E-11
5.465782207668663E-11
5.417721628462537E-11
5.3716138040692565E-11
5.324562420476002E-11
5.2793138158769145E-11
5.2329973860601507E-11
5.1885293733722365E-11
5.14303393771655E-11
5.0993281824755865E-11
5.054690415851642E-11
5.011773801233443E-11
4.967955211770702E-11
4.9258562376285995E-11
4.8828485089328745E-11
4.84150656491467E-11
4.799234018546255E-11
4.7587638139593385E-11
4.7172933817359216E-11
4.677378976804482E-11
4.6366652862897415E-11
4.597621397449668E-11
4.5577867295536164E-11
4.519476742603802E-11
4.480318830775934E-11
4.442757530954615E-11
4.404373006971073E-11
4.367522650972191E-11
4.3298638974783126E-11
4.293695451168927E-11
4.2568219094696077E-11
4.221401213987729E-11
4.185137006679236E-11
4.150388180550588E-11
4.114974544118079E-11
4.0809388873098806E-11
4.046067317321478E-11
4.0125359303647176E-11
3.978595270777117E-11
3.946000103611112E-11
3.912523163383016E-11
3.8803926737172844E-11
3.847723592368004E-11
3.8162882942006875E-11
3.7841784838305433E-11
3.753362752373798E-11
3.72201695814185E-11
3.6919548154152323E-11
3.661260001912893E-11
3.6317227148252776E-11
3.601569683456289E-11
3.5726483646784374E-11
3.543053883641588E-11
3.5146453628490935E-11
3.485554414069399E-11
3.45774146936861E-11
3.4296361950522897E-11
3.4023909686607475E-11
3.3745140103807586E-11
3.3479811326138734E-11
3.3208198308418674E-11
3.294631461450885E-11
3.267905187411949E-11
3.242367604703931E-11
3.2163672240136764E-11
3.1913243250837197E-11
3.165756897998297E-11
3.141259538950175E-11
3.116267156033542E-11
3.0921115221626837E-11
3.067771587183164E-11
3.044356899141359E-11
3.0201798916820205E-11
2.997209066208064E-11
2.973857120893077E-11
2.951191982169404E-11
2.928268936021165E-11
2.9064029563490672E-11
2.883678684266469E-11
2.8617955450732906E-11
2.8397867946584644E-11
2.8187180911136478E-11
2.7974418888280246E-11
2.7769038988649605E-11
2.755448519899545E-11
2.7349414490645585E-11
2.7143383411210812E-11
2.6944863476122804E-11
2.6741603665367057E-11
2.6546304545161206E-11
2.6348066839558155E-11
2.615797756818298E-11
2.5963660770131235E-11
2.5776473952978153E-11
2.558527190469039E-11
2.5400856770204678E-11
2.5215534901907775E-11
2.5038133854756316E-11
2.4855912336477894E-11
2.4681173926911476E-11
2.4502101726434483E-11
2.4329855664825216E-11
2.4153992991742947E-11
2.3986154817574473E-11
2.381649134396098E-11
2.3652464930572707E-11
2.3484104883797775E-11
2.332046512253417E-11
2.3155294720000257E-11
2.299960487620248E-11
2.2840392359122352E-11
2.2684310072113683E-11
2.2525010406532705E-11
2.2374279683078012E-11
2.2219290637317852E-11
2.2070558336386848E-11
2.1920626467897085E-11
2.177425721740374E-11
2.1624385992247467E-11
2.1481874638457012E-11
2.1339528412209347E-11
2.120164458005155E-11
2.1057800463615262E-11
2.0921065669861983E-11
2.078076203446403E-11
2.064684742257178E-11
2.0512486815132558E-11
2.0380454800709303E-11
2.0245179032392144E-11
2.011564033129045E-11
1.9985043152317453E-11
1.9859515530970997E-11
1.9731796179307246E-11
1.960827682357995E-11
1.9482592715247295E-11
1.9362129819325243E-11
1.923908259053344E-11
1.9120625864133507E-11
1.8999597158407028E-11
1.8883353950102822E-11
1.8765133781786477E-11
1.8651322503573355E-11
1.8534665926866847E-11
1.842239156405327E-11
1.8307846405223652E-11
1.8199276929380533E-11
1.8087651609258688E-11
1.7980339754150113E-11
1.78705379005526E-11
1.776403069633192E-11
1.7657799160561072E-11
1.755488335800873E-11
1.744966137063251E-11
1.7348376235537614E-11
1.7244181604565562E-11
1.7145627004013412E-11
1.704410926104172E-11
1.694517142678513E-11
1.6847514963518196E-11
1.6752269134633905E-11
1.6652762758420927E-11
1.6560127452858513E-11
1.6465918390564378E-11
1.637286968169581E-11
1.6279602097900878E-11
1.6189627184175142E-11
1.6097368641859666E-11
1.6009635775624087E-11
1.591825776640161E-11
1.5830148959992053E-11
1.5742776549663286E-11
1.5657196324984607E-11
1.5568417614198425E-11
1.5483951259826443E-11
1.539992663131035E-11
1.5318028811496216E-11
1.52333055938819E-11
1.5152143329409554E-11
1.5070797462896062E-11
1.499166145683865E-11
1.4909957772386457E-11
1.4831967884894177E-11
1.475365209960157E-11
1.4677652927471457E-11
1.4598822281406798E-11
1.4522788346926115E-11
1.4446768275000973E-11
1.4373726827528759E-11
1.429784176266861E-11
1.4224344261941972E-11
1.4150368695018906E-11
1.4079012501187587E-11
1.4006307365876659E-11
1.3936243118233155E-11
1.3863358400871121E-11
1.3795047083071194E-11
1.3725730155321217E-11
1.3656585047054222E-11
1.358569164042979E-11
1.3518311868768804E-11
1.3452244633582494E-11
1.3387062391491821E-11
1.3318701345053218E-11
1.3253467442643764E-11
1.318724713422482E-11
1.3123558035827993E-11
1.3060986814511422E-11
1.2999118111776974E-11
1.2933167723176632E-11
1.2870670713524262E-11
1.2808392484767369E-11
1.2747802350279842E-11
1.268751868772397E-11
1.2628609199637578E-11
1.2566176117479607E-11
1.2506605245510538E-11
1.244647210395853E-11
1.2388061429482369E-11
1.2330034106602914E-11
1.2274932405027058E-11
1.2216505695607687E-11
1.2159119901141856E-11
1.2101472723511968E-11
1.2045456791376189E-11
1.1989096716650201E-11
1.1934674489254859E-11
1.1880709357366138E-11
1.1827939259216502E-11
1.1771982925415248E-11
1.1717924142883797E-11
1.1663184057849391E-11
1.1610330363882195E-11
1.1557610110829615E-11
1.1506555080769263E-11
1.1455143310604389E-11
1.1406105244762956E-11
1.1354159571845222E-11
1.1302987025985001E-11
1.1251086603446542E-11
1.1200665519911936E-11
1.11507324319194E-11
1.1102240109215795E-11
1.1052731494968134E-11
1.10047997308324E-11
1.0957572839132236E-11
1.0911065696324412E-11
1.0861500627065261E-11
1.081382269015422E-11
1.076573760760775E-11
1.0719244540531732E-11
1.0672417940557915E-11
1.0626547258379212E-11
1.057994561585218E-11
1.0535055539064416E-11
1.049039327712275E-11
1.0447749581467534E-11
1.040255169655955E-11
1.0357715586947037E-11
1.031226728128475E-11
1.0268157046708414E-11
1.0224034296791703E-11
1.0180872039649817E-11
1.0136904808536388E-11
1.0094350143703583E-11
1.0051729484673022E-11
1.0010103471096664E-11
9.968187693907845E-12
9.927363576288835E-12
9.886462396869502E-12
9.84743359822618E-12
9.80615132890572E-12
9.765221462137339E-12
9.723613034695745E-12
9.683003319865813E-12
9.642109489117279E-12
9.602331801882514E-12
9.56227255984204E-12
9.523268356952188E-12
9.483998965921743E-12
9.445604471011969E-12
9.40687737882909E-12
9.369017169076226E-12
9.330860663550053E-12
9.293681867408724E-12
9.256417241661391E-12
9.219991953651631E-12
9.183637579287871E-12
9.147872748898528E-12
9.109707529137294E-12
9.072668049935714E-12
9.035261093332971E-12
8.999065290582657E-12
8.962461643970493E-12
8.926948186876978E-12
8.89091452670203E-12
8.855730048763486E-12
8.820101963663986E-12
8.785311032142418E-12
8.750051006174074E-12
8.715625939878552E-12
8.680710033658954E-12
8.646630249064357E-12
8.612040294160442E-12
8.578290795840572E-12
8.544014787000078E-12
8.5105883520842E-12
8.476625251853915E-12
8.443531986027374E-12
8.409911379725594E-12
8.377223770876322E-12
8.344131905074353E-12
8.312504305787913E-12
8.27851893506239E-12
8.244920988474165E-12
8.21115099846522E-12
8.178379745639766E-12
8.14504792153562E-12
8.11260622637779E-12
8.07952941526074E-12
8.047319373704067E-12
8.014431360377233E-12
7.982400669659688E-12
7.949652507128766E-12
7.917749264713672E-12
7.885074632949412E-12
7.853192113680793E-12
7.820461141838054E-12
7.788526494339327E-12
7.756220954739543E-12
7.724670050151747E-12
7.692647278920006E-12
7.661343349001906E-12
7.629537463645735E-12
7.598439394921997E-12
7.566820884851316E-12
7.535905876386805E-12
7.504455869979095E-12
7.473707894673659E-12
7.442412109756565E-12
7.411818417952795E-12
7.380665002986934E-12
7.35021472672878E-12
7.319193328823417E-12
7.288876845841979E-12
7.257978170281147E-12
7.227786796129509E-12
7.197002389180358E-12
7.166928221815267E-12
7.136250355702094E-12
7.106286184551562E-12
7.075707776818382E-12
7.0458470004954854E-12
7.0153615182394656E-12
6.985598023432898E-12
6.955199323437503E-12
6.925527271004168E-12
6.895209312853095E-12
6.865622754511984E-12
6.835379089890018E-12
6.8058712890484145E-12
6.7756941569731735E-12
6.746256377421092E-12
6.716135066738137E-12
6.686754326640287E-12
6.656672030623339E-12
6.627326571970615E-12
6.597253611704011E-12
6.567902239349621E-12
6.537778089323959E-12
6.508326678892426E-12
6.477986668432871E-12
6.448067887237731E-12
6.417361611909661E-12
6.387243539254224E-12
6.357665988313654E-12
6.328447787632198E-12
6.2995196958788045E-12
6.270845979763438E-12
6.242405358760267E-12
6.2141840620002084E-12
6.186172679170776E-12
6.1583645217634335E-12
6.130754685213922E-12
6.103339473547791E-12
6.07611602745506E-12
6.049082074069139E-12
6.022235753411763E-12
5.995575495217835E-12
5.969099930042899E-12
5.942807824380631E-12
5.916698032998067E-12
5.8907694638547026E-12
5.8650210523583135E-12
5.8394517426279704E-12
5.81406047405911E-12
5.7888461719212E-12
5.763807741030278E-12
5.7389440617645024E-12
5.714253987859927E-12
5.689736345549289E-12
5.665389933704577E-12
5.641213524717304E-12
5.6172058659097925E-12
5.593365681315436E-12
5.5696916737021646E-12
5.546182526741845E-12
5.522836907250347E-12
5.499653467441634E-12
5.476630847152734E-12
5.45376767600812E-12
5.431062575500664E-12
5.4085141609736655E-12
5.386121043493353E-12
5.363881831606396E-12
5.34179513297934E-12
5.3198595559200126E-12
5.2980737107827314E-12
5.276436211260341E-12
5.2549456755672996E-12
5.233600727518642E-12
5.21239999751008E-12
5.191342123404973E-12
5.170425751333453E-12
5.149649536409736E-12
5.129012143372919E-12
5.10851224715679E-12
5.088148533393697E-12
5.067919698857739E-12
5.047824451851549E-12
5.0278615125416745E-12
5.008029613246225E-12
4.988327498679131E-12
4.968753926154448E-12
4.949307665754301E-12
4.929987500463416E-12
4.910792226273525E-12
4.8917206522601136E-12
4.872771600634133E-12
4.853943906771008E-12
4.835236419219185E-12
4.816647999689981E-12
4.798177523030777E-12
4.779823877183184E-12
4.761585963127542E-12
4.743462694815458E-12
4.72545299909143E-12
4.707555815604843E-12
4.689770096713398E-12
4.672094807379058E-12
4.654528925057224E-12
4.6370714395801066E-12
4.619721353035051E-12
4.60247767963847E-12
4.585339445605956E-12
4.568305689019207E-12
4.551375459690349E-12
4.534547819023953E-12
4.517821839877336E-12
4.501196606419395E-12
4.48467121398855E-12
4.468244768949754E-12
4.451916388551306E-12
4.435685200781232E-12
4.419550344223975E-12
4.403510967917173E-12
4.387566231208988E-12
4.371715303616019E-12
4.355957364682042E-12
4.340291603837624E-12
4.3247172202607585E-12
4.309233422738732E-12
4.2938394295311034E-12
4.278534468234114E-12
4.263317775646406E-12
4.248188597636245E-12
4.2331461890102325E-12
4.218189813383571E-12
4.203318743051932E-12
4.188532258864962E-12
4.173829650101392E-12
4.159210214345881E-12
4.144673257367535E-12
4.1302180930001055E-12
4.1158440430239306E-12
4.101550437049571E-12
4.087336612403182E-12
4.073201914013591E-12
4.05914569430111E-12
4.045167313068008E-12
4.0312661373907215E-12
4.017441541513774E-12
4.0036929067452766E-12
3.9900196213542295E-12
3.976421080469303E-12
3.962896685979437E-12
3.949445846435872E-12
3.936067976955931E-12
3.9227624991282425E-12
3.9095288409196534E-12
3.896366436583544E-12
3.88327472656976E-12
3.870253157436035E-12
3.857301181760797E-12
3.844418258057523E-12
3.8316038506905275E-12
3.818857429792034E-12
3.8061784711808095E-12
3.7935664562820235E-12
3.781020872048538E-12
3.768541210883479E-12
3.7561269705641046E-12
3.74377765416694E-12
3.731492769994259E-12
3.7192718315016614E-12
3.7071143572269446E-12
3.695019870720191E-12
3.682987900474953E-12
3.6710179798606545E-12
3.659109647056076E-12
3.647262444983975E-12
3.6354759212467744E-12
3.623749628063375E-12
3.6120831222069555E-12
3.600475964943798E-12
3.588927721973241E-12
3.5774379633684534E-12
3.566006263518333E-12
3.554632201070272E-12
3.5433153588739423E-12
3.5320553239258897E-12
3.520851687315152E-12
3.509704044169717E-12
3.4986119936038208E-12
3.4875751386661526E-12
3.476593086288909E-12
