0.0
1.96031491426857E-12
1.1292465345417276E-11
1.4764809491221837E-11
2.060907691260718E-11
2.3542695833646453E-11
2.7788915575030968E-11
3.055816354911254E-11
3.404651929063262E-11
3.663881817912631E-11
3.9619281433724897E-11
4.201812205192297E-11
4.4607743169118916E-11
4.6811808576431545E-11
4.9079113906185284E-11
5.108923217386561E-11
5.30843445274989E-11
5.490447986188059E-11
5.6665018735190874E-11
5.830169898848724E-11
5.985783906514073E-11
6.132123939736268E-11
6.269712724469404E-11
6.399798068599475E-11
6.521005719010871E-11
6.635738638702152E-11
6.742147161359789E-11
6.842664106774078E-11
6.935438071592056E-11
7.022766956954776E-11
7.102954985014309E-11
7.178011410176754E-11
7.246472469892803E-11
7.310044687639998E-11
7.36757352571701E-11
7.420586346993756E-11
7.467775658901624E-11
7.510807860897775E-11
7.548240184240712E-11
7.581882446236656E-11
7.610042061262246E-11
7.63471366198844E-11
7.654015307193913E-11
7.670223692959218E-11
7.680868039746305E-11
7.688737429985149E-11
7.69086270524292E-11
7.690404871298608E-11
7.683941815279337E-11
7.675147146255632E-11
7.659862923978534E-11
7.643354690496415E-11
7.626066998309387E-11
7.608506291416151E-11
7.589575041902834E-11
7.570312882583399E-11
7.549416985937157E-11
7.528167842345855E-11
7.505068397527499E-11
7.481707082791704E-11
7.456450604499615E-11
7.430992873791521E-11
7.403611541843392E-11
7.37621718648505E-11
7.346937800621728E-11
7.3177595133775E-11
7.286623889243992E-11
7.255693443064967E-11
7.222873459277025E-11
7.19041126011977E-11
7.1561460821326E-11
7.122397083094415E-11
7.086660062919213E-11
7.05153300358456E-11
7.01463333950904E-11
6.978458902806282E-11
6.940475048679777E-11
6.90327838083845E-11
6.864354121110487E-11
6.82634350798883E-11
6.786573883713957E-11
6.74780136463453E-11
6.707256204379345E-11
6.667813789438601E-11
6.626690589349475E-11
6.58666538586857E-11
6.545067741212776E-11
6.504668882487886E-11
6.462632807656335E-11
6.42185910230212E-11
6.379464152247637E-11
6.338373770307205E-11
6.295739256603618E-11
6.254483358527789E-11
6.211697733467285E-11
6.170287580729734E-11
6.12734722971104E-11
6.085788015171988E-11
6.042744875402956E-11
6.001235115415129E-11
5.958280851113442E-11
5.916750795781485E-11
5.873856545575919E-11
5.832432807704236E-11
5.7896399027437326E-11
5.7484017252624834E-11
5.705805997891524E-11
5.664690752786869E-11
5.622168206477537E-11
5.581251623406419E-11
5.539053562550413E-11
5.498406414643641E-11
5.456505924997795E-11
5.416130530107724E-11
5.3744316852064283E-11
5.334271448775001E-11
5.29301995387241E-11
5.25328752181486E-11
5.212350057045507E-11
5.172968530565386E-11
5.132358116234956E-11
5.09325317028602E-11
5.053137002405926E-11
5.014599701479475E-11
4.974819540758676E-11
4.9366278168539623E-11
4.8973403336365965E-11
4.859555845622663E-11
4.8207129365686905E-11
4.783318832817971E-11
4.7449852549635455E-11
4.7081504325643594E-11
4.670205629703604E-11
4.633754929152087E-11
4.596308707739851E-11
4.5604017065756085E-11
4.523614496112139E-11
4.488214483034275E-11
4.4517617392582115E-11
4.4168189823004626E-11
4.380904507714075E-11
4.346332773830498E-11
4.310968788191992E-11
4.277123385647382E-11
4.242270301492693E-11
4.208804118692375E-11
4.174422739077382E-11
4.141433585787057E-11
4.1076649056602405E-11
4.075184637390412E-11
4.041808008527144E-11
4.009932296921357E-11
3.9771637514771624E-11
3.945654059233217E-11
3.913503129348763E-11
3.8827077405710354E-11
3.850923939087106E-11
3.820383206520246E-11
3.789215036024966E-11
3.759352169415919E-11
3.7287687665469075E-11
3.6993764314344085E-11
3.669162236980838E-11
3.640266108428232E-11
3.610730727581403E-11
3.5823667005229115E-11
3.5531780547900016E-11
3.5252037185409117E-11
3.496541798301198E-11
3.4691691707049255E-11
3.441149053778014E-11
3.4141771317463117E-11
3.3864206984625903E-11
3.359928470465897E-11
3.3330947522201796E-11
3.307091138430483E-11
3.280261003302851E-11
3.2547032893848946E-11
3.2287037339089904E-11
3.203743871815343E-11
3.1781203577596384E-11
3.153531035041797E-11
3.128436666570992E-11
3.104370112493816E-11
3.0794845884717166E-11
3.0557643806153454E-11
3.031620587091443E-11
3.008469963190165E-11
2.984602277172074E-11
2.961775324308506E-11
2.938556920754967E-11
2.916145570253646E-11
2.8930948659757488E-11
2.8712061834198246E-11
2.8490300955158147E-11
2.827595712135823E-11
2.8053623884103864E-11
2.7841557072757115E-11
2.7625404287656154E-11
2.7418862346840863E-11
2.7209016109998177E-11
2.7007216236608042E-11
2.679811273074408E-11
2.659814261737792E-11
2.6393034706693303E-11
2.6197242043504658E-11
2.599861006152188E-11
2.5808077042233306E-11
2.561186378498367E-11
2.5424174645665828E-11
2.5232889855266778E-11
2.5048574695544774E-11
2.485871905195372E-11
2.4677320279170364E-11
2.449487074459797E-11
2.431954540291857E-11
2.4137573012907396E-11
2.3964615690509465E-11
2.378912961767052E-11
2.3620202883149506E-11
2.344387210429632E-11
2.327565500895558E-11
2.310724380487446E-11
2.294622082072844E-11
2.277837879103591E-11
2.2616056023115643E-11
2.2454447142002263E-11
2.2300040038243685E-11
2.2138637361916895E-11
2.1983426140632493E-11
2.1825224003645472E-11
2.1676717140110312E-11
2.1523990997379903E-11
2.1375363586888076E-11
2.1224381710044598E-11
2.107903846286599E-11
2.0931438042990517E-11
2.0791802702216427E-11
2.0645567489468716E-11
2.0506536015451533E-11
2.0364025220119396E-11
2.0227360405160766E-11
2.008977602404602E-11
1.9955698011695765E-11
1.9819683533852603E-11
1.968949427931474E-11
1.955812454513236E-11
1.943279037153946E-11
1.9298942091001096E-11
1.9172483903595133E-11
1.9044012359270795E-11
1.892110134107123E-11
1.8794668214598384E-11
1.867312560529601E-11
1.8549833126326988E-11
1.843259715294352E-11
1.831136161631486E-11
1.8195247323944777E-11
1.8077065780925305E-11
1.796299804792831E-11
1.784567588377297E-11
1.7732779754400976E-11
1.7622593039554604E-11
1.7515025627047093E-11
1.7402761965213977E-11
1.7295667508796E-11
1.718633577483831E-11
1.708205884961044E-11
1.6974069222450988E-11
1.687237241741662E-11
1.6766414308184308E-11
1.6666034968925824E-11
1.6563955154853404E-11
1.646294965888194E-11
1.6362685170365803E-11
1.626725524010578E-11
1.6167866946634592E-11
1.607467151560981E-11
1.5977750737892846E-11
1.5884055176925386E-11
1.578625429457254E-11
1.5692854432871953E-11
1.560328214564839E-11
1.551463063855685E-11
1.5419050127139173E-11
1.5329927019255133E-11
1.524347916144428E-11
1.5159253913579018E-11
1.5071759873293253E-11
1.4988741365140184E-11
1.4898052539060614E-11
1.48124737194175E-11
1.4733148319928738E-11
1.4653312337608188E-11
1.456466308029611E-11
1.448348561490114E-11
1.440903003026012E-11
1.4333403885523925E-11
1.4246097356555224E-11
1.4168177250529621E-11
1.4093789415161022E-11
1.4018820151170043E-11
1.3937657276718498E-11
1.3862446643854962E-11
1.3788761662594516E-11
1.3716790981042341E-11
1.3641583332590526E-11
1.3569597649619933E-11
1.349383704495255E-11
1.3422127118558932E-11
1.3354072606504987E-11
1.3285928184966537E-11
1.3214352740026549E-11
1.3146411696178892E-11
1.3077373736414508E-11
1.3011126695564178E-11
1.2942585467902278E-11
1.2878643879541637E-11
1.2811846870535942E-11
1.2746257032975972E-11
1.267969142628669E-11
1.2616137789938116E-11
1.2553895417014494E-11
1.2492722715125749E-11
1.2427933493394433E-11
1.2366912483707962E-11
1.230460145451729E-11
1.2246163059883992E-11
1.2183926558409241E-11
1.2123027519972317E-11
1.2062764804764953E-11
1.2004326280275312E-11
1.194516350905324E-11
1.1889956757675237E-11
1.1830930284096126E-11
1.177246112738032E-11
1.171505408503909E-11
1.1660716705440561E-11
1.1605297826994822E-11
1.1552374122344249E-11
1.1494360067587235E-11
1.1438245948497945E-11
1.1383221707028076E-11
1.132989803130704E-11
1.1277280317026149E-11
1.1226772581085927E-11
1.1175271207526319E-11
1.1123836400296059E-11
1.1068209703121926E-11
1.1016764968153145E-11
1.096626730728063E-11
1.0916645569800371E-11
1.0864595950557879E-11
1.0815812714453856E-11
1.0769735528737647E-11
1.0722861820636594E-11
1.0669092823676625E-11
1.0619286604244945E-11
1.0570989856272328E-11
1.0524778142312177E-11
1.047822582283952E-11
1.043208314939478E-11
1.0385488404194498E-11
1.034066867079596E-11
1.0292292077281227E-11
1.0246059206115532E-11
1.0198935194102616E-11
1.015349152826166E-11
1.0108806142871529E-11
1.0065880816613374E-11
1.0021482736850065E-11
9.978435998158492E-12
9.935255590756733E-12
9.893027953474888E-12
9.847934405806155E-12
9.804835080203534E-12
9.760325074434746E-12
9.717918420530395E-12
9.676057920937301E-12
9.634926900293086E-12
9.59354163975832E-12
9.553773984196531E-12
9.512776993534466E-12
9.474608369643964E-12
9.432802680536751E-12
9.390806440241613E-12
9.34906355188093E-12
9.309162610003204E-12
9.26972103981106E-12
9.231054208932962E-12
9.190704034796426E-12
9.151872313511787E-12
9.113441592346346E-12
9.076434925855114E-12
9.038927857359158E-12
9.001764378247515E-12
8.963748233227395E-12
8.928605320071875E-12
8.890228639596681E-12
8.852137707921072E-12
8.814234380615179E-12
8.777239994670849E-12
8.739781342971366E-12
8.703729926268286E-12
8.667938127581245E-12
8.632804588399514E-12
8.59619802779006E-12
8.560870716641758E-12
8.525531661855056E-12
8.49111700279021E-12
8.456955037126237E-12
8.423626094855296E-12
8.388628883765112E-12
8.3550400332377E-12
8.322340707376608E-12
8.289826187181745E-12
8.253826187249944E-12
8.21953982351978E-12
8.185135191225812E-12
8.151870727509284E-12
8.118477831935736E-12
8.086059728755657E-12
8.053135513799455E-12
8.020779045734705E-12
7.987910337456398E-12
7.956131791666904E-12
7.924477512389831E-12
7.893372628808133E-12
7.861064203379276E-12
7.829787423268756E-12
7.798457836689526E-12
7.767889995720238E-12
7.737493530798194E-12
7.707781799586123E-12
7.676702835139194E-12
7.646701428207859E-12
7.616941981631669E-12
7.58879597294857E-12
7.55783828453809E-12
7.526949178792849E-12
7.496334660767252E-12
7.466637825680606E-12
7.436701902437672E-12
7.407516843785652E-12
7.378024736085011E-12
7.34923562706314E-12
7.320114605247464E-12
7.291660909902903E-12
7.262893498736988E-12
7.2348682098542095E-12
7.206659061350699E-12
7.1789286868051025E-12
7.150597829705572E-12
7.123049445190722E-12
7.095289313461549E-12
7.068121439715579E-12
7.0406400234470154E-12
7.013835707761883E-12
6.986931853462851E-12
6.960464858801274E-12
6.933296024553541E-12
6.9068711000695044E-12
6.880300906944908E-12
6.85429775840357E-12
6.828116714362772E-12
6.8025826290315755E-12
6.776718161879918E-12
6.751228097473566E-12
6.725256816913473E-12
6.700020739239382E-12
6.674665910159306E-12
6.650003019668429E-12
6.62478403038683E-12
6.600181441339451E-12
6.575172319411659E-12
6.550800485725397E-12
6.526045475685906E-12
6.5019901760393455E-12
6.477682939420823E-12
6.454591223334512E-12
6.429358194470426E-12
6.4042911521864005E-12
6.379216218141831E-12
6.354899846859922E-12
6.330209120977474E-12
6.306169665096631E-12
6.281695502609236E-12
6.257849207128642E-12
6.233540957120125E-12
6.2098536310364344E-12
6.185685723888586E-12
6.162137346108782E-12
6.138092793590813E-12
6.114668790343793E-12
6.090734107406973E-12
6.067422134299241E-12
6.043585115298837E-12
6.020373360918479E-12
5.9966216204408665E-12
5.973497365639846E-12
5.9498166933924735E-12
5.9267641588063026E-12
5.903135329077437E-12
5.8801303316293535E-12
5.856518734882928E-12
5.833503110393128E-12
5.809819631480246E-12
5.786727994118663E-12
5.7632893261395255E-12
5.740421292727021E-12
5.717139863492219E-12
5.694406321744613E-12
5.671240363204682E-12
5.648615937264417E-12
5.62554767595525E-12
5.603019027752511E-12
5.580037694634914E-12
5.55759597382334E-12
5.534693872364232E-12
5.512332451901685E-12
5.489503557753883E-12
5.467217119302848E-12
5.444456454639637E-12
5.422240541218551E-12
5.399543838736244E-12
5.37739458692445E-12
5.35475806006559E-12
5.332671985449135E-12
5.310092109877257E-12
5.288065866970918E-12
5.265539100679331E-12
5.243569142865011E-12
5.221091501142957E-12
5.199173539080983E-12
5.176739893595743E-12
5.15486797508547E-12
5.132470826762951E-12
5.110635669439165E-12
5.088262829230636E-12
5.0664484969210545E-12
5.044078135765989E-12
5.0222542847826806E-12
4.999841930335319E-12
4.9779397650153516E-12
4.955366330796405E-12
4.933125891836757E-12
4.910241375817364E-12
4.88778711934138E-12
4.865749847484424E-12
4.84398483414871E-12
4.822437415811992E-12
4.801079498531477E-12
4.7798943604035465E-12
4.758871164930684E-12
4.7380024881829535E-12
4.717283037911477E-12
4.696708922994713E-12
4.6762772063024215E-12
4.655985616000726E-12
4.635832351315856E-12
4.615815947611261E-12
4.595935180333437E-12
4.57618899534918E-12
4.5565764577403066E-12
4.5370967138292714E-12
4.517748962883699E-12
4.49853243601869E-12
4.479446380522928E-12
4.460490048312317E-12
4.4416626875477424E-12
4.422963536689478E-12
4.404391820431968E-12
4.385946747089414E-12
4.367627507097354E-12
4.349433272367976E-12
4.331363196292698E-12
4.313416414229101E-12
4.295592044343282E-12
4.277889188706181E-12
4.2603069345635976E-12
4.242844355717015E-12
4.225500513966118E-12
4.208274460574965E-12
4.191165237732556E-12
4.1741718799858526E-12
4.157293415628751E-12
4.140528868035386E-12
4.123877256929451E-12
4.107337599584312E-12
4.0909089119508544E-12
4.074590209711807E-12
4.058380509262619E-12
4.0422788286199865E-12
4.02628418826002E-12
4.010395611888349E-12
3.994612127145202E-12
3.97893276624846E-12
3.963356566578016E-12
3.947882571204753E-12
3.9325098293675565E-12
3.9172373969016085E-12
3.9020643366212835E-12
3.886989718660723E-12
3.872012620775167E-12
3.857132128605873E-12
3.842347335911403E-12
3.8276573447677954E-12
3.813061265740231E-12
3.798558218028229E-12
3.7841473295868105E-12
3.76982773722536E-12
3.7555985866863235E-12
3.7414590327052435E-12
3.727408239053924E-12
3.713445378568078E-12
3.699569633161113E-12
3.6857801938249556E-12
3.672076260619386E-12
3.658457042651014E-12
3.6449217580426165E-12
3.6314696338940793E-12
3.618099906235658E-12
3.6048118199743447E-12
3.5916046288340908E-12
3.5784775952905657E-12
3.565429990501106E-12
3.5524610942302394E-12
3.5395701947715458E-12
3.5267565888661472E-12
3.5140195816183143E-12
3.501358486408631E-12
3.488772624804971E-12
3.4762613264717485E-12
3.4638239290775993E-12
3.451459778201935E-12
3.4391682272404344E-12
3.42694863730986E-12
3.4148003771523047E-12
3.4027228230391234E-12
3.390715358674613E-12
3.3787773750997714E-12
3.3669082705960957E-12
3.3551074505896525E-12
3.3433743275554725E-12
3.331708320922455E-12
3.3201088569787603E-12
3.308575368777856E-12
3.297107296045271E-12
3.2857040850861068E-12
3.2743651886933574E-12
3.263090066057131E-12
3.2518781826747734E-12
3.2407290102619218E-12
3.2296420266646003E-12
3.2186167157723027E-12
3.2076525674320824E-12
3.196749077363825E-12
3.1859057470764247E-12
3.175122083785218E-12
3.164397600330415E-12
3.1537318150966908E-12
3.1431242519338857E-12
3.1325744400788082E-12
3.1220819140781886E-12
3.11164621371274E-12
3.1012668839223013E-12
3.0909434747321903E-12
3.080675541180562E-12
3.070462643246919E-12
3.0603043457817314E-12
3.0502002184371274E-12
3.0401498355986426E-12
3.0301527763180682E-12
3.0202086242473696E-12
3.0103169675735865E-12
3.0004773989548555E-12
2.990689515457384E-12
2.980952918493458E-12
2.9712672137604986E-12
2.9616320111809896E-12
2.9520469248435085E-12
2.942511572944595E-12
2.9330255777316775E-12
2.923588565446805E-12
2.914200166271424E-12
2.9048600142719548E-12
2.8955677473463297E-12
2.8863230071713395E-12
2.8771254391509003E-12
2.8679746923651405E-12
2.858870419520319E-12
2.849812276899541E-12
2.8407999243143583E-12
2.831833025057075E-12
2.822911245853852E-12
2.814034256818633E-12
