0.0
6.113454424814013E-12
2.3020881003772444E-11
2.946888265097393E-11
4.031301505002231E-11
4.613328321143714E-11
5.426453059400951E-11
5.981486060540835E-11
6.658844235125023E-11
7.17821940205763E-11
7.761838793464057E-11
8.241764784403807E-11
8.751162243943654E-11
9.19069468310041E-11
9.638105524293598E-11
1.0037703587814154E-10
1.0432111038099077E-10
1.0792994479604232E-10
1.1141393305091957E-10
1.1465289015477583E-10
1.177315831943272E-10
1.2062062416068828E-10
1.2333845726575195E-10
1.2589982844658908E-10
1.282924989520137E-10
1.3054881658157763E-10
1.3264566661369628E-10
1.346189957479261E-10
1.3644511299776045E-10
1.381567664944904E-10
1.397333501828596E-10
1.4120321984734993E-10
1.425492924866028E-10
1.4379580179800635E-10
1.4492773988782857E-10
1.459678653623983E-10
1.4690036276844357E-10
1.4774895947741603E-10
1.4849556398483566E-10
1.4916630089608475E-10
1.4973833637156512E-10
1.5024280337034868E-10
1.5065047619405924E-10
1.5099863889113775E-10
1.512500463996438E-10
1.5144919732082898E-10
1.5155023409833086E-10
1.5160507782161873E-10
1.51558309743859E-10
1.514702300094597E-10
1.5127173705468028E-10
1.5104484818259638E-10
1.5079206121227776E-10
1.5052134803998306E-10
1.5021441991685678E-10
1.4988943960542642E-10
1.4952525154453243E-10
1.4914502008752643E-10
1.487241763949917E-10
1.4829029205722203E-10
1.4781571808562902E-10
1.473312658842756E-10
1.468066013070771E-10
1.46275523812681E-10
1.4570459700396063E-10
1.45130601663252E-10
1.4451736172448252E-10
1.4390428277218196E-10
1.4325297988956685E-10
1.426046448804106E-10
1.4191845947180692E-10
1.4123820835262957E-10
1.405211425492726E-10
1.3981244167771061E-10
1.3906771520394404E-10
1.3833373888576705E-10
1.3756459240907884E-10
1.368082877376634E-10
1.3601752666066287E-10
1.352416339106866E-10
1.3443229544882069E-10
1.336395105647403E-10
1.328137397311744E-10
1.3200627602978746E-10
1.3116653229248438E-10
1.3034660463949447E-10
1.2949545189722082E-10
1.2866545647669214E-10
1.2780461454703995E-10
1.269660313533872E-10
1.2609751173267722E-10
1.252522688797459E-10
1.2437807213292098E-10
1.2352796495926673E-10
1.2264931846579912E-10
1.2179588384534867E-10
1.2091452101038646E-10
1.200588965712857E-10
1.1917622648080408E-10
1.1831981603524126E-10
1.1743708451792452E-10
1.1658113864677E-10
1.1569934696958364E-10
1.1484508824545692E-10
1.1396513842196384E-10
1.1311302950341873E-10
1.1223686570394617E-10
1.1138859968108484E-10
1.1051578761661476E-10
1.0967164647539621E-10
1.0880413520271098E-10
1.0796487172179299E-10
1.0710311909820944E-10
1.0626971358278719E-10
1.0541411732878763E-10
1.0458721779828515E-10
1.0373808102441654E-10
1.0291800434457999E-10
1.0207684791481525E-10
1.0126402535821876E-10
1.0043090591548529E-10
9.962640283135017E-11
9.880134078848644E-11
9.800471124076327E-11
9.718901734509997E-11
9.640155628961598E-11
9.559478962503929E-11
9.481602635886552E-11
9.401852777139401E-11
9.324928804981618E-11
9.246217713652736E-11
9.170272919964537E-11
9.092508756725768E-11
9.017478379444465E-11
8.940795868998514E-11
8.866842159829549E-11
8.791186940640121E-11
8.718250449471625E-11
8.643640356643936E-11
8.571704018826615E-11
8.498162681387534E-11
8.427241312368416E-11
8.35475671611485E-11
8.284918416827887E-11
8.213632719926553E-11
8.144836932170717E-11
8.074542896200141E-11
8.006818327644306E-11
7.93769320201291E-11
7.871071865048503E-11
7.803034662989234E-11
7.737458597233673E-11
7.670455817265498E-11
7.605906046055451E-11
7.540100162504483E-11
7.476663788147961E-11
7.411876533128822E-11
7.34947784439028E-11
7.285784624369934E-11
7.224426031656405E-11
7.161887806727713E-11
7.101629487835444E-11
7.040129383136712E-11
6.980852019412413E-11
6.920461807598473E-11
6.862274733907041E-11
6.802963666243864E-11
6.745826818731959E-11
6.687546259836874E-11
6.631349288215281E-11
6.57409294931615E-11
6.518971067898475E-11
6.462838365466927E-11
6.408718081499245E-11
6.353514859889273E-11
6.300380370872403E-11
6.246239443211934E-11
6.194078029596637E-11
6.140937975124901E-11
6.089773384941681E-11
6.037597227218053E-11
5.987344053917316E-11
5.936201910481505E-11
5.886941562913883E-11
5.836777525616694E-11
5.788437149858031E-11
5.7390757015522896E-11
5.6915508916242995E-11
5.643365137261122E-11
5.5968647130841144E-11
5.54944936205653E-11
5.503806321632952E-11
5.457327524710272E-11
5.412513097825939E-11
5.367077638240975E-11
5.3232908975543907E-11
5.27845891931191E-11
5.2353665855193925E-11
5.191655886434222E-11
5.149493211118859E-11
5.106436169311552E-11
5.064986994794759E-11
5.023048580821384E-11
4.982520432313956E-11
4.941198381268975E-11
4.9014120658295374E-11
4.860930191352151E-11
4.821991391928802E-11
4.782336022479436E-11
4.7440961575667267E-11
4.705260868382367E-11
4.667829585109023E-11
4.6296424900760624E-11
4.592882544381013E-11
4.555581320123523E-11
4.5195971565882507E-11
4.483101648487785E-11
4.447932066698674E-11
4.411940041483917E-11
4.3773275599789914E-11
4.342157537254229E-11
4.308208503811519E-11
4.2738606487899245E-11
4.2406699744090326E-11
4.206943248264502E-11
4.174543817413314E-11
4.1413136346921174E-11
4.1092755791808325E-11
4.0769113943496996E-11
4.045688222254224E-11
4.014000644899219E-11
3.983426731069389E-11
3.9522330259966734E-11
3.9222090647214674E-11
3.891697099421987E-11
3.862282390373011E-11
3.83249020071641E-11
3.803734577137275E-11
3.7743505926684234E-11
3.746004036141785E-11
3.7173820583930157E-11
3.689771561218665E-11
3.661523098991748E-11
3.6344253408146514E-11
3.606998617355668E-11
3.580352800443235E-11
3.553319775000575E-11
3.52740439082662E-11
3.5009357464621793E-11
3.4753883796882785E-11
3.449442586351364E-11
3.424451576316676E-11
3.3989874883248913E-11
3.374431460258459E-11
3.349393454855107E-11
3.325256933877337E-11
3.3011000136692275E-11
3.2776308618310177E-11
3.253637810905349E-11
3.2306227155799316E-11
3.207134913735627E-11
3.184439590875046E-11
3.161452424316082E-11
3.139389132066392E-11
3.11694344302006E-11
3.09510857890593E-11
3.0729355150459813E-11
3.0516558438817834E-11
3.030164323623759E-11
3.009421699604916E-11
2.988156362541976E-11
2.9675891664535605E-11
2.946699825747129E-11
2.9265708050043804E-11
2.906248378392568E-11
2.886631792418811E-11
2.8667075740499566E-11
2.8474645333291037E-11
2.8278960209767878E-11
2.808955805942961E-11
2.7896335361099224E-11
2.7710697471679745E-11
2.752297010782198E-11
2.7340307938726764E-11
2.7155961484864774E-11
2.697853247893023E-11
2.6797760895695126E-11
2.6623898518258085E-11
2.6446757322807733E-11
2.6275356002915698E-11
2.6099904146408718E-11
2.5931417962595845E-11
2.57617940502267E-11
2.559675909182827E-11
2.5428310326597505E-11
2.5266870740505526E-11
2.5104106674017102E-11
2.4945730536115904E-11
2.4783181872469344E-11
2.4627376132945254E-11
2.4470027961313665E-11
2.4316320284509852E-11
2.4163083196357316E-11
2.401499948835712E-11
2.3861189712915615E-11
2.3714337108759524E-11
2.3565344914015115E-11
2.341997954372149E-11
2.3276072606897284E-11
2.3136577447001426E-11
2.299007650960799E-11
2.284994447600615E-11
2.2709209212117282E-11
2.2573839953758047E-11
2.24354342219996E-11
2.2301233005239502E-11
2.2166241126321735E-11
2.2034269335359544E-11
2.190154226082427E-11
2.1772538042976076E-11
2.1641395161435825E-11
2.151519406423305E-11
2.1387336187198427E-11
2.126312694572744E-11
2.1136811216456663E-11
2.1014925974619737E-11
2.089117507036881E-11
2.0771320732857976E-11
2.064912552564099E-11
2.0532732536899095E-11
2.0413686510278235E-11
2.0297678888917862E-11
2.017975165469972E-11
2.00668397944194E-11
1.9951772974072452E-11
1.9838756895491694E-11
1.972765598190746E-11
1.9619468897356156E-11
1.9507620186643064E-11
1.939954618093956E-11
1.9289744940874952E-11
1.918542455455042E-11
1.907918503204855E-11
1.8975329171210887E-11
1.8868538479616064E-11
1.876480199622545E-11
1.8662116551251746E-11
1.8562197197979214E-11
1.8459931094308945E-11
1.8362299737522407E-11
1.826253091735604E-11
1.8164250813196755E-11
1.8066091975710214E-11
1.7971399896682082E-11
1.7874033138216162E-11
1.7780848834847854E-11
1.768611186961158E-11
1.7592511425510676E-11
1.7497954911443355E-11
1.740836356284493E-11
1.7317108293971917E-11
1.722729993326784E-11
1.713765419981652E-11
1.7049850706787553E-11
1.6959199867515114E-11
1.6872175166381064E-11
1.6786379825869258E-11
1.670210548136554E-11
1.6614581152831363E-11
1.653068480399359E-11
1.644758646803874E-11
1.6365565061153976E-11
1.6280228288462033E-11
1.619900839826095E-11
1.611885491760163E-11
1.6039446159470147E-11
1.595660867597303E-11
1.5877611184009906E-11
1.5799413064824442E-11
1.572244767847072E-11
1.564262837064276E-11
1.55657551634735E-11
1.548874378190834E-11
1.5414807775228343E-11
1.5338207404961253E-11
1.526291125438675E-11
1.518785142576728E-11
1.511491521355759E-11
1.504208296197436E-11
1.4970617280600833E-11
1.489640647331563E-11
1.4824900048582532E-11
1.4753262634306958E-11
1.468345378820181E-11
1.4614005621725237E-11
1.454593153816919E-11
1.4475325690305323E-11
1.4406969095749261E-11
1.4338209036825064E-11
1.4272485074352765E-11
1.4203896677246089E-11
1.4136281213926992E-11
1.4069205787569527E-11
1.4003581120541405E-11
1.3937582026182324E-11
1.3873554027157203E-11
1.3810011481997255E-11
1.374736689194474E-11
1.3681716450659758E-11
1.361818630330289E-11
1.3554438930564995E-11
1.3492518612424052E-11
1.3430535884269799E-11
1.3370991372034539E-11
1.3309154140614095E-11
1.3247778888767123E-11
1.3185882126773233E-11
1.3125691306999114E-11
1.3065250043100848E-11
1.3006531082575618E-11
1.2948215426654084E-11
1.2891874996481245E-11
1.283284036553181E-11
1.2774228612715462E-11
1.2715147947802622E-11
1.2657905952194329E-11
1.2600969552707759E-11
1.254507373422435E-11
1.248875074873222E-11
1.2433907201692605E-11
1.2379615052104124E-11
1.2325865745343572E-11
1.2269140099782966E-11
1.2214260940248894E-11
1.2159469728523875E-11
1.2106062635643942E-11
1.2052159038975576E-11
1.199937971867704E-11
1.1946307270990164E-11
1.1894629485970678E-11
1.184326497509702E-11
1.179193067483925E-11
1.173796377498123E-11
1.1685960120823309E-11
1.163485730982649E-11
1.1584581090796394E-11
1.1534873124681106E-11
1.148585078756322E-11
1.1437331384472862E-11
1.1389481280049426E-11
1.1342166645385507E-11
1.129565426814221E-11
1.1250168593469301E-11
1.120459272952399E-11
1.1156925781528179E-11
1.1110707689108848E-11
1.106515053689906E-11
1.1020278970299152E-11
1.097584979888114E-11
1.0932015749998372E-11
1.0888574554578737E-11
1.0845704022518325E-11
1.080321070434987E-11
1.0761287234179386E-11
1.0719747418386017E-11
1.067880682758281E-11
1.0638310189122281E-11
1.0598572486609173E-11
1.055980702191943E-11
1.052086312566057E-11
1.0479586104469529E-11
1.0439755600392461E-11
1.0400490072289278E-11
1.0361846584765367E-11
1.0323498462530085E-11
1.028560659956252E-11
1.0247807299732875E-11
1.0210395831380464E-11
1.0173900016657369E-11
1.013772831893069E-11
1.0102329431809387E-11
1.0067181905570975E-11
1.0032793563361444E-11
9.99863562331714E-12
9.965259313644705E-12
9.932131053789795E-12
9.899870667871275E-12
9.868021647861928E-12
9.837644329372888E-12
9.806641583854823E-12
9.773507480836254E-12
9.7415242774161E-12
9.71062452765206E-12
9.679980829906653E-12
9.650187772221327E-12
9.62053063366298E-12
9.591683521895408E-12
9.562923045508081E-12
9.534965180166112E-12
9.507061495549427E-12
9.479963185361317E-12
9.452892086730119E-12
9.426633128065022E-12
9.400376247337198E-12
9.374940000137232E-12
9.349481029977936E-12
9.324851906503477E-12
9.30017488388798E-12
9.276337166133479E-12
9.25242567650148E-12
9.229363028732701E-12
9.206199992583906E-12
9.183895523229602E-12
9.161463566975401E-12
9.139900582167276E-12
9.118183302215167E-12
9.09734729584148E-12
9.076332337445321E-12
9.056215794100175E-12
9.03590254544352E-12
9.016517820208936E-12
8.996940388493602E-12
8.978364556266908E-12
8.959691606086129E-12
8.942340519391717E-12
8.92597866565184E-12
8.906887395841672E-12
8.886475337779221E-12
8.867863005207675E-12
8.84920498558771E-12
8.83162986149503E-12
8.813769756449167E-12
8.796935443100594E-12
8.779775077307662E-12
8.763684053805704E-12
8.74729966510739E-12
8.732101637961747E-12
8.716727719280664E-12
8.702767997816996E-12
8.688901463183469E-12
8.676898606951997E-12
8.665596412618243E-12
8.657161118604786E-12
8.651012788531647E-12
8.650678616684288E-12
8.658829686691252E-12
8.690997577041321E-12
8.729061023705577E-12
8.644105789529358E-12
