0.0
2.425723951366766E-12
1.3547763064942007E-11
1.7710786904681727E-11
2.466901659669211E-11
2.820805622234639E-11
3.328982335450997E-11
3.662928939690488E-11
4.080369810089514E-11
4.391912273951977E-11
4.7481778219807653E-11
5.035630623710315E-11
5.344244932347171E-11
5.607154781280541E-11
5.876551544922422E-11
6.115208970988013E-11
6.351321443127383E-11
6.566518775719148E-11
6.774078570758421E-11
6.96674098399325E-11
7.149319814375971E-11
7.320675620237327E-11
7.48113223830115E-11
7.632521058905865E-11
7.773141388473702E-11
7.905902030337721E-11
8.028504347798308E-11
8.144061209289304E-11
8.250158324839939E-11
8.34969174798477E-11
8.440659473815749E-11
8.525498714541429E-11
8.602323314856265E-11
8.673447143303976E-11
8.7372413728094E-11
8.795726299844702E-11
8.84726836488084E-11
8.893984040267052E-11
8.934017719740593E-11
8.969679068697856E-11
8.998880950416834E-11
9.02416482502282E-11
9.043011781350522E-11
9.058425193304252E-11
9.067309291465334E-11
9.073139135532378E-11
9.072307755520128E-11
9.068717062371955E-11
9.058141795413656E-11
9.045115942300088E-11
9.024576199286878E-11
9.002716439986387E-11
8.979610236672156E-11
8.956122289970319E-11
8.930830431815382E-11
8.905108157771295E-11
8.877191992890273E-11
8.848872274959267E-11
8.818265071349401E-11
8.787369526702704E-11
8.754051013665966E-11
8.720597505852243E-11
8.684774018280738E-11
8.649002247573732E-11
8.610803566287392E-11
8.572847872882845E-11
8.532485407834033E-11
8.492510500705534E-11
8.450263428161707E-11
8.408520612735725E-11
8.364473056217831E-11
8.321183003990469E-11
8.275544681338828E-11
8.23075774419802E-11
8.18376716078847E-11
8.137755555026821E-11
8.089548097119833E-11
8.042450624309972E-11
7.993172414625249E-11
7.94508481675743E-11
7.894937556993807E-11
7.846054613701549E-11
7.795167251916018E-11
7.745665440158625E-11
7.694121699905534E-11
7.644058441517659E-11
7.591961940277633E-11
7.541387936967584E-11
7.488941640495706E-11
7.438103986874335E-11
7.385377959283599E-11
7.334291761670775E-11
7.281306128232757E-11
7.230056925380208E-11
7.176972805349118E-11
7.125655711237385E-11
7.072602823057805E-11
7.021270420437666E-11
6.968191165671488E-11
6.916946309514102E-11
6.864075102230038E-11
6.813022115919284E-11
6.760273595232438E-11
6.70939691443723E-11
6.656849558993903E-11
6.606183039971655E-11
6.553947194459775E-11
6.503565281487242E-11
6.451668102234637E-11
6.401671608355551E-11
6.350226030702503E-11
6.300654658033365E-11
6.249556292869619E-11
6.200360095350531E-11
6.149669222679236E-11
6.100915991254893E-11
6.050719829675343E-11
6.00238356462122E-11
5.952789392681896E-11
5.905033241496243E-11
5.855936190242757E-11
5.808747269366825E-11
5.760233696874356E-11
5.713574110432138E-11
5.6656126799274053E-11
5.6194568889789314E-11
5.572124008793578E-11
5.5266237620943896E-11
5.479879591457629E-11
5.43497087832023E-11
5.388768807836232E-11
5.3444234377788495E-11
5.299021809407557E-11
5.255380369264394E-11
5.2105388191546235E-11
5.167482273656737E-11
5.123383288744784E-11
5.0810276175889554E-11
5.0374792474258004E-11
4.995611986913343E-11
4.952799665808276E-11
4.911692257339442E-11
4.869541026443053E-11
4.829087605656177E-11
4.7876283171982223E-11
4.7478302656205575E-11
4.706900091826323E-11
4.6676768098600125E-11
4.62760318754186E-11
4.589197861058583E-11
4.549722340195763E-11
4.5117866919532094E-11
4.4729679926209654E-11
4.4356484281512066E-11
4.397603727689121E-11
4.3611543216716846E-11
4.323664826360167E-11
4.287724519656896E-11
4.250904843390528E-11
4.2156058851239386E-11
4.179405096840172E-11
4.1447324049672076E-11
4.10934248098567E-11
4.075332077820324E-11
4.040493598722451E-11
4.007094817590387E-11
3.9729040660757376E-11
3.940046589264037E-11
3.906557635572542E-11
3.8744234135249615E-11
3.841396330305129E-11
3.809744926196199E-11
3.777467908411073E-11
3.746510952280324E-11
3.7148507556654185E-11
3.684479151983875E-11
3.6534254878373756E-11
3.62367949506941E-11
3.5932595145100544E-11
3.5640726336169915E-11
3.5342017556273616E-11
3.50554959617841E-11
3.475997295489395E-11
3.447665472211838E-11
3.4191941042016235E-11
3.3919198309663916E-11
3.36359303305517E-11
3.336345136711718E-11
3.308833258370129E-11
3.2824794560383003E-11
3.2554240303441545E-11
3.2295408194531334E-11
3.202877476973316E-11
3.177415373528364E-11
3.1513883192030414E-11
3.1264388814602165E-11
3.100938720240226E-11
3.076404901346182E-11
3.051612320775755E-11
3.0277812150934665E-11
3.003262945106017E-11
2.979743472604364E-11
2.955683992643654E-11
2.932690718503195E-11
2.909385125733455E-11
2.88697175351871E-11
2.863837281678767E-11
2.8417148987227058E-11
2.8191963144426295E-11
2.797631954412927E-11
2.7756956524326487E-11
2.7545823585841344E-11
2.7327084716838516E-11
2.7118251613744602E-11
2.6906807249872903E-11
2.6704554951337583E-11
2.6499517797718082E-11
2.6303322457897484E-11
2.6098795256161384E-11
2.5901749337024476E-11
2.5701214009546742E-11
2.550828741017642E-11
2.5314431491343568E-11
2.512942266375242E-11
2.493953069206714E-11
2.475742635513411E-11
2.457099297749924E-11
2.4392052127417578E-11
2.4208009196231185E-11
2.4032379390918022E-11
2.3851859734126646E-11
2.3677078273887565E-11
2.350219307684533E-11
2.333643230021454E-11
2.316583954384026E-11
2.3000843896149094E-11
2.2829448154895413E-11
2.2666998903883268E-11
2.250374010353343E-11
2.234632929866669E-11
2.2182763167247192E-11
2.2026630984054094E-11
2.18699634327392E-11
2.1717915776473758E-11
2.1563324337274688E-11
2.1415945194264224E-11
2.1261932870310805E-11
2.1115658369276943E-11
2.0969033394201067E-11
2.082564965080665E-11
2.0680094650619223E-11
2.0541936687885892E-11
2.039713343607577E-11
2.025972886730048E-11
2.011986488106257E-11
1.9985197020155784E-11
1.9848081507659914E-11
1.971697152366896E-11
1.9584198039487856E-11
1.945444353812498E-11
1.9323363004090706E-11
1.9197429204717477E-11
1.9068743894247405E-11
1.8945350412593435E-11
1.8819245647682135E-11
1.8698486528021466E-11
1.857481204782827E-11
1.8456010112275568E-11
1.8334471238379267E-11
1.821813953496067E-11
1.8097462375900403E-11
1.7982518396567868E-11
1.7866270581342545E-11
1.7755974375143847E-11
1.764255245597793E-11
1.7533855676898502E-11
1.7422337128983573E-11
1.7314536097696623E-11
1.7203979288483312E-11
1.709706380835285E-11
1.699173094693438E-11
1.68897579583124E-11
1.6783553165835497E-11
1.6682068329637415E-11
1.6578146421911147E-11
1.6480257016802074E-11
1.6378286671011532E-11
1.6278825946455004E-11
1.6181647714416305E-11
1.6087559246995907E-11
1.5988263282524514E-11
1.5895463830584577E-11
1.580044079805799E-11
1.5707303997557343E-11
1.561535678976165E-11
1.5526214095851252E-11
1.5432531717157994E-11
1.534547946338306E-11
1.5255173056783545E-11
1.5166598271337428E-11
1.508024257151855E-11
1.499581398564294E-11
1.4904732413287587E-11
1.4819745373281965E-11
1.4739144730821017E-11
1.465925012574222E-11
1.457343580027021E-11
1.4493863839953934E-11
1.441117175500323E-11
1.4329891207217439E-11
1.4248868115611777E-11
1.417350756924773E-11
1.409431200464106E-11
1.401557825423977E-11
1.393788181176343E-11
1.3864669637263639E-11
1.3787515609044899E-11
1.3712359137521402E-11
1.3637150118286277E-11
1.3564520233668277E-11
1.3493121934465436E-11
1.3423672165773768E-11
1.3349333007962158E-11
1.3278617855385899E-11
1.320833038480024E-11
1.3139997634257635E-11
1.306838289324719E-11
1.3000421870988491E-11
1.2932467535013113E-11
1.2868009161169721E-11
1.2799178404693461E-11
1.273137042540179E-11
1.2664826690730045E-11
1.2600751824523936E-11
1.2535496454685813E-11
1.2474268598649452E-11
1.2409585237179045E-11
1.2345807364127576E-11
1.2281719382901098E-11
1.2219637010909598E-11
1.2158384628055014E-11
1.210110546677659E-11
1.203963566609142E-11
1.197832013896004E-11
1.1916660269583965E-11
1.1857761316358967E-11
1.1799034523695778E-11
1.1743852152547067E-11
1.1685410523785767E-11
1.1626907896324462E-11
1.156736897768703E-11
1.1510442927678508E-11
1.1454225562921821E-11
1.1400047820122686E-11
1.1346693554699387E-11
1.1293787067496889E-11
1.1235508251329536E-11
1.1180351984055593E-11
1.1124947418968595E-11
1.1071822562368566E-11
1.101915491811214E-11
1.0967882024752833E-11
1.0917346634098982E-11
1.0867318601129787E-11
1.0812460090558654E-11
1.0760411914099472E-11
1.0707854936649717E-11
1.0657459524091426E-11
1.0607423929081383E-11
1.055859433090044E-11
1.0510011081320665E-11
1.0463819651964459E-11
1.0412456652604865E-11
1.036223708112995E-11
1.0312918718716096E-11
1.0264790083457206E-11
1.0216570750665666E-11
1.016987786244082E-11
1.0122455313528177E-11
1.0076378558470366E-11
1.0030683184047066E-11
9.987471825924616E-12
9.939508954192655E-12
9.892292051793727E-12
9.845839826666331E-12
9.800494156318206E-12
9.755000238723725E-12
9.710886114687659E-12
9.665999992278167E-12
9.622246317884728E-12
9.577944170894487E-12
9.535156403172463E-12
9.49313772918779E-12
9.453052813711722E-12
9.408284328532981E-12
9.364206711002112E-12
9.320820655997157E-12
9.278440415819573E-12
9.235881205469083E-12
9.19455658198722E-12
9.152503104101881E-12
9.111454961908594E-12
9.069821885424037E-12
9.029435498266141E-12
8.988923581187614E-12
8.949462722460298E-12
8.910446067070066E-12
8.873218748445559E-12
8.831727542440517E-12
8.7908189531142E-12
8.75053520790213E-12
8.711161839147945E-12
8.671550050828215E-12
8.6329077779987E-12
8.593560864497575E-12
8.555412912579967E-12
8.516943255661476E-12
8.479156008005648E-12
8.440946938691229E-12
8.403725098748527E-12
8.3661468902111E-12
8.329408848341071E-12
8.292309297859843E-12
8.25607970015318E-12
8.21962109370175E-12
8.184329206202736E-12
8.14933030665316E-12
8.114158157076147E-12
8.076130823925649E-12
8.039875262323794E-12
8.003071871477014E-12
7.967428801641667E-12
7.931680269587232E-12
7.896595714745831E-12
7.861251443405998E-12
7.82662268526222E-12
7.791404002316947E-12
7.757062259723736E-12
7.722499817207458E-12
7.688624345503723E-12
7.654402123319578E-12
7.620878390742411E-12
7.587008919304672E-12
7.553827846646224E-12
7.520302220905203E-12
7.487449704875334E-12
7.454250216955765E-12
7.42169834937477E-12
7.388776646282269E-12
7.356404295284027E-12
7.323771034042816E-12
7.291919881689205E-12
7.260048666359813E-12
7.228755067282701E-12
7.1974694657577855E-12
7.166866512133093E-12
7.136650848941347E-12
7.106427453280257E-12
7.074180767060363E-12
7.043130166719131E-12
7.012197028475419E-12
6.981860789533384E-12
6.95146871693919E-12
6.921603686945597E-12
6.891639128189683E-12
6.862180494694707E-12
6.832601052523491E-12
6.8035186481828996E-12
6.774300913087118E-12
6.745575814963278E-12
6.7167033300996304E-12
6.68832100434765E-12
6.65978000239006E-12
6.6317274120383175E-12
6.603504646609944E-12
6.575768416758959E-12
6.5478493714404975E-12
6.5204137594123406E-12
6.492779998104241E-12
6.465622972899208E-12
6.4382455910902464E-12
6.411326258682367E-12
6.384136189554411E-12
6.357303781947725E-12
6.330362619136896E-12
6.303887477785928E-12
6.2774608174240316E-12
6.2513989231950475E-12
6.225351102697672E-12
6.199645419138148E-12
6.1739433127742695E-12
6.1485712891229605E-12
6.123198095483604E-12
6.098146308224633E-12
6.073090859260407E-12
6.048349600884423E-12
6.023603298537055E-12
5.9991647057824226E-12
5.974720313652237E-12
5.9505775549184725E-12
5.926428634885895E-12
5.902575510423897E-12
5.878716133985652E-12
5.855146864757551E-12
5.831571457291425E-12
5.8082805693547976E-12
5.784983824000169E-12
5.761966084229697E-12
5.738942913996161E-12
5.716193294381226E-12
5.693438805669337E-12
5.6709524636875785E-12
5.6484619418467726E-12
5.626234209811317E-12
5.604003111376418E-12
5.5820294906906286E-12
5.56005343916233E-12
5.538329597149417E-12
5.516604380571161E-12
5.495126148481672E-12
5.47364771784638E-12
5.4524110894206286E-12
5.4311755573506486E-12
5.410176687474134E-12
5.389180326939445E-12
5.3684155303177645E-12
5.347654773287466E-12
5.327120523013554E-12
5.306591959023281E-12
5.2862848850430974E-12
5.265985259698753E-12
5.245902147229622E-12
5.225828360584541E-12
5.205966148415604E-12
5.186115253243306E-12
5.166471031851022E-12
5.1468402317199245E-12
5.127411241131222E-12
5.1079978880387616E-12
5.0887815151272784E-12
5.069583106466846E-12
5.050576881353666E-12
5.031591055673636E-12
5.012792646602254E-12
4.9940171774896886E-12
4.975424383324258E-12
4.956857170260837E-12
4.938467909243781E-12
4.920106963885336E-12
4.901919256723358E-12
4.8837626821311694E-12
4.865774626390747E-12
4.847820585534797E-12
4.830030316690263E-12
4.8122769842519255E-12
4.794682615743734E-12
4.777128103308796E-12
4.759727632377052E-12
4.742369868995096E-12
4.72516102345053E-12
4.7079975565064984E-12
4.6909775315681065E-12
4.674005172315448E-12
4.657170141931166E-12
4.640384273315752E-12
4.623728377719775E-12
4.6071214165873614E-12
4.590634318147944E-12
4.574191609343095E-12
4.557851095247376E-12
4.541536293234076E-12
4.525275340286287E-12
4.508939041000112E-12
4.492270322365049E-12
4.476911688112187E-12
4.461990977703385E-12
4.446832158369694E-12
4.431669205767173E-12
4.4165290013610536E-12
4.401458424957596E-12
4.386449777246039E-12
4.371524383862595E-12
4.356676350670469E-12
4.341913657468621E-12
4.327237553096742E-12
4.312645110231386E-12
4.2981462094406415E-12
4.2837276981880676E-12
4.269408695276412E-12
4.255166019653985E-12
4.241028357714224E-12
4.226962522646347E-12
4.213006991224214E-12
4.199118517719428E-12
4.185345544383822E-12
4.171634673618245E-12
4.1580444634162165E-12
4.144511245827867E-12
4.131103828896951E-12
4.117748134919017E-12
4.104523341921939E-12
4.091344800537387E-12
4.0783021597482364E-12
4.065300005107775E-12
4.052438524047028E-12
4.039611288815339E-12
4.026929022309543E-12
4.01427392008238E-12
4.001767066505668E-12
3.9892786266444296E-12
3.976939381679307E-12
3.964605900894165E-12
3.9524162021038415E-12
3.940207739127893E-12
3.92811329677661E-12
3.915913872455639E-12
3.903571632137259E-12
3.8915647229537845E-12
3.881011618197683E-12
3.869996817672107E-12
3.85903146809647E-12
3.847987588563427E-12
3.837106779906313E-12
3.826186016302105E-12
3.815458071475207E-12
3.80469747370396E-12
3.79414511503504E-12
3.783559656647557E-12
3.773193498045194E-12
3.762790893882088E-12
3.752616890608898E-12
3.742401679128693E-12
3.732423498178537E-12
3.722398462828872E-12
3.712618334459001E-12
3.702784981676205E-12
3.69320390429627E-12
3.683562437690906E-12
3.674179921671907E-12
3.66472871359843E-12
3.6555418836810726E-12
3.646276020884036E-12
3.6372772496224684E-12
3.6281845543183245E-12
3.6193543930991977E-12
3.610401813527412E-12
3.6016795287771217E-12
3.5927362365858153E-12
3.5837336005201247E-12
3.5750054822230158E-12
3.568029108536912E-12
3.5604267014485897E-12
3.5529917513289925E-12
3.5453613898447203E-12
3.5380279095377673E-12
3.530541129684673E-12
3.523386139936587E-12
3.5160846033947124E-12
3.5091335471658935E-12
3.5020337674121676E-12
3.4952980948393562E-12
3.4884079726719035E-12
3.4818933558426882E-12
3.475216566127875E-12
3.4689253037260278E-12
3.4624625496650076E-12
3.456394055158007E-12
3.4501429420046057E-12
3.444292998857395E-12
3.4382465110874508E-12
3.4326045864891323E-12
3.426746426973543E-12
3.421287289810446E-12
3.415575673769576E-12
3.4102242735431847E-12
3.404500278897257E-12
3.398790870180535E-12
3.393293915005398E-12
3.389967641289042E-12
3.3857810553253152E-12
3.381881958197163E-12
3.3776296607948918E-12
3.3738169022722462E-12
3.3696967416892916E-12
3.366055786617355E-12
3.362110905115747E-12
3.358665323614715E-12
3.354908236257235E-12
3.3516641037023076E-12
3.348096074399876E-12
3.3450513747387496E-12
3.3416670974016918E-12
3.3388137377772296E-12
3.335601431061142E-12
3.3329234207669107E-12
3.3298603672698384E-12
3.3273247625184297E-12
3.3243588159104506E-12
3.321874511409013E-12
3.3188149798211557E-12
3.3158239952217094E-12
3.3129617869107557E-12
3.3127672096988E-12
3.3114183995084317E-12
3.3104850964306906E-12
3.3090161840797E-12
3.308161019604585E-12
3.3068427465354857E-12
3.3062109242418914E-12
3.3051491186516063E-12
3.304837256657263E-12
3.304133110686145E-12
3.3042574422391448E-12
3.3040506844254277E-12
3.3047854943009008E-12
3.3052979021751284E-12
3.3069322888174895E-12
3.3085482122222703E-12
3.3116072685430737E-12
3.3150656900076193E-12
3.320631081102296E-12
3.3275866067247886E-12
3.338249552896723E-12
3.355602745032703E-12
3.3928704830878987E-12
3.4336979219172237E-12
3.3862307392619886E-12
