0.0
1.2089352356821529E-11
3.527840600491262E-11
4.4258857695089585E-11
5.957949431075818E-11
6.818430899111518E-11
7.995255693671458E-11
8.824438639772464E-11
9.818091017592843E-11
1.0598146523959165E-10
1.1463212998365346E-10
1.2187164074895332E-10
1.2949281885897154E-10
1.361521764989299E-10
1.4290480465315225E-10
1.4898762445836259E-10
1.5499012840166492E-10
1.6051227602125427E-10
1.6585727127678212E-10
1.7084229445279716E-10
1.7560362621533332E-10
1.8007966346123891E-10
1.8431704711115477E-10
1.883148384850661E-10
1.920772017397693E-10
1.956282022930863E-10
1.98956467650276E-10
2.0209183858608415E-10
2.0502093047973693E-10
2.0777068723374737E-10
2.1033090073069727E-10
2.127232761690258E-10
2.149415670200488E-10
2.1700298479925974E-10
2.1890327387107687E-10
2.206579230170288E-10
2.222619880483847E-10
2.2373201120051793E-10
2.2505942859569011E-10
2.2626477860524452E-10
2.2733307347064487E-10
2.282914478000409E-10
2.291162297952579E-10
2.2984304452510938E-10
2.3043749095209486E-10
2.309450965906483E-10
2.3131954986299782E-10
2.3161692221175277E-10
2.3177771728521383E-10
2.3186903492260874E-10
2.3181215998047278E-10
2.317011105344702E-10
2.3154496198095772E-10
2.313459727663219E-10
2.310891763304806E-10
2.3079133428185918E-10
2.304329027011065E-10
2.3003750392038474E-10
2.2958111574872013E-10
2.2909298625944493E-10
2.285441014602612E-10
2.2796906717687427E-10
2.273343070020832E-10
2.2667879284300454E-10
2.2596472168046242E-10
2.2523520090317182E-10
2.2444834888483002E-10
2.2365113137257175E-10
2.2279790327344038E-10
2.2193901576603857E-10
2.2102536417260987E-10
2.2011047857806613E-10
2.1914208973036E-10
2.1817652612369404E-10
2.171588351137312E-10
2.1614778343525103E-10
2.1508579640202767E-10
2.1403395519635755E-10
2.1293241669241922E-10
2.118442809002033E-10
2.107075320104337E-10
2.0958711144200038E-10
2.0841946022231142E-10
2.0727074837706746E-10
2.0607589527715024E-10
2.049025358870345E-10
2.0368403059675177E-10
2.0248920830451266E-10
2.0125054759279727E-10
2.000374994391421E-10
1.9878161877043651E-10
1.9755320346703755E-10
1.9628314068205852E-10
1.9504218761010017E-10
1.9376045451617508E-10
1.925093905352055E-10
1.9121855656099485E-10
1.8995955863678008E-10
1.8866186134640686E-10
1.873972404477477E-10
1.8609495033326724E-10
1.8482672527426733E-10
1.835215942886015E-10
1.8225145617458167E-10
1.809454443429195E-10
1.7967505144346366E-10
1.7836986570312753E-10
1.7710098430269096E-10
1.7579810117483766E-10
1.745321489677543E-10
1.732329490771337E-10
1.7197107476546491E-10
1.7067687820381523E-10
1.694203045000067E-10
1.681323412071189E-10
1.6688233382891282E-10
1.6560179511569642E-10
1.6435954166593041E-10
1.6308711092894E-10
1.618529157467839E-10
1.6058983674183115E-10
1.593652787546882E-10
1.5811221073521543E-10
1.5689739630444886E-10
1.5565523786927402E-10
1.5445144069140995E-10
1.5322059325241206E-10
1.5202813840218756E-10
1.5080966672003016E-10
1.4962915880068095E-10
1.484230081810124E-10
1.472549909421026E-10
1.460622450218277E-10
1.4490694638417755E-10
1.4372760597345356E-10
1.4258595041511087E-10
1.414207752329168E-10
1.4029261205519037E-10
1.3914134508075117E-10
1.380272269635881E-10
1.3689086746365233E-10
1.3579074471733679E-10
1.346693828754689E-10
1.335841436462587E-10
1.3247752943793186E-10
1.3140669433115236E-10
1.3031525299081738E-10
1.2925941311957813E-10
1.2818380436187587E-10
1.2714286442477814E-10
1.260822146474685E-10
1.250563451646346E-10
1.2401140327322924E-10
1.2300053532024573E-10
1.219716185221297E-10
1.2097621190752957E-10
1.1996240171209012E-10
1.1898187948696776E-10
1.17984309298719E-10
1.1701930599257835E-10
1.160369212207581E-10
1.1508681818540732E-10
1.1412050497221608E-10
1.1318583230684452E-10
1.1223469259393954E-10
1.1131486875597176E-10
1.1038008200350128E-10
1.0947547701503872E-10
1.0855523070597921E-10
1.0766566758545696E-10
1.0676149918923938E-10
1.0588692026079036E-10
1.0499712296759146E-10
1.041369827080073E-10
1.0326315830729614E-10
1.0241814790667239E-10
1.0155924155578674E-10
1.0072835660839504E-10
9.988375009654347E-11
9.906730001776133E-11
9.823812416073645E-11
9.743577735447376E-11
9.662133203931589E-11
9.583360612424296E-11
9.503324630928986E-11
9.425919651125749E-11
9.347349586964805E-11
9.27133933022783E-11
9.194089825483726E-11
9.119441292512011E-11
9.043680744872621E-11
8.970342809819882E-11
8.895953675552004E-11
8.824011944524747E-11
8.750911540607451E-11
8.680272584527522E-11
8.608584311321748E-11
8.539166931779581E-11
8.468756463114425E-11
8.40071331190186E-11
8.331596672247561E-11
8.264725459404922E-11
8.196984568122007E-11
8.131429311869904E-11
8.064867069971915E-11
8.00048834971388E-11
7.935127251612588E-11
7.871965184909622E-11
7.807942053676399E-11
7.745924714509226E-11
7.683048715066291E-11
7.622293351899311E-11
7.560630383809217E-11
7.500922710432805E-11
7.440422801768738E-11
7.38188844443939E-11
7.3224652589332E-11
7.265012382694573E-11
7.206818639304468E-11
7.150463275696401E-11
7.09334851199182E-11
7.038078944268362E-11
6.982024442365869E-11
6.927790037975701E-11
6.87284378665254E-11
6.819675485375536E-11
6.765750977225316E-11
6.713587246054653E-11
6.66071283830484E-11
6.609487824632137E-11
6.557651310364142E-11
6.507527361437133E-11
6.456626114387776E-11
6.407339937403389E-11
6.357477334541801E-11
6.309201402015191E-11
6.260208887055368E-11
6.212808063386828E-11
6.164851674474046E-11
6.118446522618992E-11
6.071408903282112E-11
6.025856558562474E-11
5.979718217044706E-11
5.935031361459738E-11
5.889648459400064E-11
5.845810042740947E-11
5.8014287205305053E-11
5.758417620375209E-11
5.7149019228406436E-11
5.672802931462199E-11
5.630109212445931E-11
5.588680263638545E-11
5.546818809365306E-11
5.506268732229696E-11
5.4651559362581E-11
5.42540524620725E-11
5.3851575138668976E-11
5.3461222002188736E-11
5.3065807827070986E-11
5.268323924844557E-11
5.229521293796625E-11
5.192001324313186E-11
5.1540337765364964E-11
5.117174530167508E-11
5.0799024700077307E-11
5.0437789488670103E-11
5.00722751081183E-11
4.971876297726511E-11
4.93594245633682E-11
4.901170637208461E-11
4.8659837425063986E-11
4.831816140744786E-11
4.7974165438754204E-11
4.764044012523634E-11
4.730066265797677E-11
4.697285675441282E-11
4.6641444104932384E-11
4.631929841507269E-11
4.599301257462315E-11
4.567687698679209E-11
4.5357456116591357E-11
4.504818122594626E-11
4.4736162565988014E-11
4.443297278485736E-11
4.412372651431061E-11
4.38250168030286E-11
4.352383694967827E-11
4.323172709214888E-11
4.2936047967507223E-11
4.264892780944941E-11
4.2357782367873154E-11
4.207537547882019E-11
4.1791019895935864E-11
4.1516055453776285E-11
4.12361265005134E-11
4.09637722407566E-11
4.068917367593255E-11
4.042326286401489E-11
4.015449215997429E-11
3.989408975590305E-11
3.962860276036885E-11
3.937212331698251E-11
3.91128201534089E-11
3.886140220354702E-11
3.8606814106485215E-11
3.835828106513565E-11
3.8109309398538495E-11
3.7868376397331917E-11
3.762308040955589E-11
3.738461348282721E-11
3.71432215851141E-11
3.6910635824827817E-11
3.6674076549161275E-11
3.644350538700671E-11
3.6212405032836934E-11
3.598873137679814E-11
3.5759625399530987E-11
3.5537290584937856E-11
3.5314112377938984E-11
3.509690517911879E-11
3.487746670402496E-11
3.466484736171173E-11
3.4450895991437306E-11
3.4242765807205754E-11
3.403049502394099E-11
3.382459380804444E-11
3.361615782302264E-11
3.341426047819639E-11
3.320910016532146E-11
3.3009738473325123E-11
3.280989329087724E-11
3.261638938802545E-11
3.2420138509660935E-11
3.2228934228207983E-11
3.2035231807766774E-11
3.1847148404987266E-11
3.165514789515353E-11
3.146956786318655E-11
3.1284686718725503E-11
3.110460902289807E-11
3.0921996540712725E-11
3.074394607644236E-11
3.0561584866310255E-11
3.0385839755551024E-11
3.0211582829059554E-11
3.0040838261466505E-11
2.986521867145748E-11
2.969459635759252E-11
2.952515761574724E-11
2.936074743370432E-11
2.91920996303199E-11
2.9027650591628593E-11
2.8863376281707684E-11
2.8704079432942198E-11
2.853992859373121E-11
2.8382073345897012E-11
2.8224669524628228E-11
2.806900088251069E-11
2.7911739517149425E-11
2.7760319361577186E-11
2.7606375885506575E-11
2.745696801774833E-11
2.7305196829286336E-11
2.7156748621739803E-11
2.7008295294632804E-11
2.6863818659157494E-11
2.6717749258887785E-11
2.6576386780322603E-11
2.6431192079268317E-11
2.6290565096535267E-11
2.6148858846308875E-11
2.601102816606706E-11
2.587180998299266E-11
2.5736167436052613E-11
2.559910042158465E-11
2.5465989948017123E-11
2.5331430243644718E-11
2.5200283100268775E-11
2.506808268974041E-11
2.4939356752827955E-11
2.480854272129418E-11
2.4681051191083486E-11
2.4553227033399182E-11
2.4428757041625754E-11
2.4301606813559235E-11
2.417725475978451E-11
2.405398414396748E-11
2.393369895119432E-11
2.3812164077630127E-11
2.3693571586332935E-11
2.3573485676859947E-11
2.3456055165190866E-11
2.3336902573039533E-11
2.322229417454085E-11
2.310536907830454E-11
2.2991986981973104E-11
2.2876608095428366E-11
2.2763184776026306E-11
2.265187042203647E-11
2.2542269987423416E-11
2.242997829212989E-11
2.232256860271939E-11
2.2212746188800025E-11
2.2104647363958055E-11
2.1998391238799925E-11
2.189371568960285E-11
2.1786674915490327E-11
2.1684269623849157E-11
2.1579047247011215E-11
2.1475716690589598E-11
2.137441598632714E-11
2.1274338318614994E-11
2.1171024313317087E-11
2.107254695202082E-11
2.0973039397648736E-11
2.087423546318569E-11
2.077558261349764E-11
2.0680716071114746E-11
2.05834076194044E-11
2.048742689895424E-11
2.0392739212854185E-11
2.0299805700350545E-11
2.0204185812572278E-11
2.01113882786128E-11
2.00196665637899E-11
1.99295911374119E-11
1.9836747866985402E-11
1.974661142764847E-11
1.9657506991049562E-11
1.956989147468644E-11
1.947941984850048E-11
1.9391912714600497E-11
1.9305387569809173E-11
1.9220060489616678E-11
1.913246879947052E-11
1.9047247398985278E-11
1.8962109299614305E-11
1.887989517137855E-11
1.8795427713646932E-11
1.8712036212583526E-11
1.8628953844025287E-11
1.8547912237837713E-11
1.846739983688841E-11
1.8387846798892236E-11
1.8305726246106686E-11
1.8225593836724616E-11
1.8145303342343317E-11
1.8067981487076298E-11
1.798937582694627E-11
1.7911302449645372E-11
1.7834738772824164E-11
1.7759526861578692E-11
1.768545844685084E-11
1.7613297076224346E-11
1.753941966554176E-11
1.7465867796817395E-11
1.7393679317927743E-11
1.7322766278941738E-11
1.725290140963605E-11
1.7184922247310085E-11
1.711507191561867E-11
1.704549669099923E-11
1.6977227052042496E-11
1.6910217427417925E-11
1.684419067663477E-11
1.6780052995190097E-11
1.6713878234711E-11
1.664791663832731E-11
1.6583160422854688E-11
1.651956521881697E-11
1.645665505631866E-11
1.639482528360461E-11
1.6333814278587346E-11
1.6274669795296057E-11
1.6213247202842217E-11
1.6151965426246674E-11
1.609177351070903E-11
1.6032695389710054E-11
1.5974129906536462E-11
1.5916531114197895E-11
1.5859439197422373E-11
1.5803820403806903E-11
1.5746148064182624E-11
1.5688490107930775E-11
1.563281431827143E-11
1.557785378811967E-11
1.552420995430096E-11
1.547105959588873E-11
1.5419204357653532E-11
1.5367946640472676E-11
1.5318573937639758E-11
1.5268675485673814E-11
1.5216877162672626E-11
1.5166394886326036E-11
1.511737429197171E-11
1.5068736847096786E-11
1.5021325873663984E-11
1.497418974540202E-11
1.492828744019305E-11
1.4882709487093367E-11
1.483862803381327E-11
1.4795805399226895E-11
1.4750873980903186E-11
1.4705142014262543E-11
1.466131063275488E-11
1.461779889421951E-11
1.4575538378893417E-11
1.4533364035058812E-11
1.4492372643373032E-11
1.445141413780884E-11
1.4411676503111317E-11
1.4372039685059857E-11
1.4333920732346134E-11
1.4296927551992032E-11
1.425754129310616E-11
1.4217052895235976E-11
1.4178548946518628E-11
1.414018784687312E-11
1.4103142408872339E-11
1.4066032105993373E-11
1.4030224540804675E-11
1.3994367390238339E-11
1.3959939357363113E-11
1.3925606507495726E-11
1.3892984752895663E-11
1.3860812695818584E-11
1.3830946045871272E-11
1.3802386892164419E-11
1.3777653819579125E-11
1.375731155046777E-11
1.3739845647158737E-11
1.3731618475122334E-11
1.3752525158562825E-11
1.3780563265725227E-11
1.366414647522757E-11
