0.0
1.6304210619441567E-12
9.296578814786849E-12
1.2135010061578979E-11
1.6955016151865224E-11
1.934550096237346E-11
2.283413903719174E-11
2.5092537448925732E-11
2.7956920866910975E-11
3.007696085653295E-11
3.252841078980678E-11
3.449836503737558E-11
3.663552766548757E-11
3.8454134235902E-11
4.0331410727757074E-11
4.1996500676730424E-11
4.3657157318439644E-11
4.517377681338847E-11
4.664616938844418E-11
4.801741861618073E-11
4.9327747688130166E-11
5.056152634503276E-11
5.1725653068384924E-11
5.2829265688871706E-11
5.386151436044787E-11
5.4840896333412635E-11
5.5754241887466395E-11
5.661947390336456E-11
5.7421985063744725E-11
5.817956113511613E-11
5.887962228293865E-11
5.953643520867071E-11
6.014038713854859E-11
6.070342590576541E-11
6.121740753147956E-11
6.169303964309858E-11
6.212114072805377E-11
6.251384172961965E-11
6.285970664916331E-11
6.31724503855528E-11
6.344088356349738E-11
6.367842181305151E-11
6.387057848127935E-11
6.403482894450329E-11
6.415174547282168E-11
6.424322838024649E-11
6.428575706408896E-11
6.430462172496641E-11
6.42724742983498E-11
6.421767014957089E-11
6.410821106716425E-11
6.39876498806033E-11
6.38624709641392E-11
6.373544263571164E-11
6.359989576526714E-11
6.346139747611852E-11
6.331244684349475E-11
6.316023160946809E-11
6.299489581134075E-11
6.282676395861768E-11
6.264446030505532E-11
6.246023990610495E-11
6.226147849239823E-11
6.206128867098933E-11
6.184709568222495E-11
6.163306541280267E-11
6.14032521115092E-11
6.117448989605995E-11
6.093217910091191E-11
6.069142687565229E-11
6.043497878721641E-11
6.018202295007929E-11
5.991473834524904E-11
5.965085686743537E-11
5.937336104272377E-11
5.910098987423424E-11
5.881326215370167E-11
5.853163951494118E-11
5.823561277911269E-11
5.7945634388931675E-11
5.764280764110255E-11
5.734676512323449E-11
5.7036249104212954E-11
5.67338735984409E-11
5.6417745011493146E-11
5.610945300813439E-11
5.5788954952683446E-11
5.547777878653681E-11
5.515271320797388E-11
5.483658744952297E-11
5.4507617912393905E-11
5.418844923877626E-11
5.3856228376620505E-11
5.3535080038665084E-11
5.320090211612236E-11
5.287673125223073E-11
5.25409862007208E-11
5.221598322783826E-11
5.187867441311786E-11
5.155268551461293E-11
5.1214323120171964E-11
5.0887416280637327E-11
5.0548832934443495E-11
5.0221900545305746E-11
4.9883527508206863E-11
4.955619688753451E-11
4.921847774967973E-11
4.889262524144793E-11
4.8555290823421936E-11
4.823060495348079E-11
4.7893975389291484E-11
4.7569427904515766E-11
4.723622265452149E-11
4.691432957989617E-11
4.6580228801407925E-11
4.6259215958305454E-11
4.5928217569792393E-11
4.560930569418931E-11
4.528092270896506E-11
4.496481191581246E-11
4.46374698952141E-11
4.4322014605531836E-11
4.3998349890076984E-11
4.368761223112483E-11
4.336663453793798E-11
4.305740430300612E-11
4.273960177204482E-11
4.243359436943486E-11
4.2118169676433274E-11
4.181532365324023E-11
4.1503744264637045E-11
4.1204364759247315E-11
4.0896367173740375E-11
4.0600000809563805E-11
4.029328718877115E-11
4.000048747480397E-11
3.9699038416802956E-11
3.940837551266068E-11
3.911047831900012E-11
3.882468290461735E-11
3.853086296603076E-11
3.8248401872561885E-11
3.795714494781231E-11
3.767812095014204E-11
3.739125316169352E-11
3.711538492611986E-11
3.683099266776873E-11
3.655882916228551E-11
3.627931330094975E-11
3.6011109278421175E-11
3.573643637559307E-11
3.54727823528487E-11
3.520162680390822E-11
3.494007262463428E-11
3.46730175374957E-11
3.441797658456728E-11
3.415367989760237E-11
3.3899793564654176E-11
3.364072676284711E-11
3.339213268161755E-11
3.313705459696521E-11
3.289269494959433E-11
3.263910295905249E-11
3.239752516939838E-11
3.214933256234475E-11
3.191099741480761E-11
3.166665989032865E-11
3.143190209172858E-11
3.119573461488747E-11
3.0967344107750623E-11
3.072785995207181E-11
3.050033769332665E-11
3.0268887089664375E-11
3.004762657670396E-11
2.981847459055548E-11
2.959814407396018E-11
2.9374136224033785E-11
2.9159962567138186E-11
2.8939053366640955E-11
2.8727428099169264E-11
2.8511982176823253E-11
2.830412423125892E-11
2.8090383029485833E-11
2.7886078897517112E-11
2.7675414956017952E-11
2.7474105902075113E-11
2.7268964645631057E-11
2.7072253184341117E-11
2.6868876089035883E-11
2.6674359120381694E-11
2.6476180855200552E-11
2.628557647406381E-11
2.608909003303238E-11
2.5902483864233678E-11
2.5713468917789724E-11
2.5530782237576586E-11
2.5341384391342044E-11
2.516121671804659E-11
2.4976932046690517E-11
2.479883834077172E-11
2.461570931073591E-11
2.44413915983309E-11
2.4264309260979656E-11
2.409457812399577E-11
2.3918839363273234E-11
2.3751675981201474E-11
2.3581071716949195E-11
2.3415509532250577E-11
2.3247020692801102E-11
2.3086871947620822E-11
2.292190484459742E-11
2.2763778709023314E-11
2.2599256379936736E-11
2.244399914981494E-11
2.228637229049456E-11
2.2133934535544554E-11
2.1976491549706422E-11
2.1826340483177965E-11
2.1673830667954166E-11
2.1526207571617227E-11
2.1375575874100555E-11
2.1232575597205103E-11
2.108401611455371E-11
2.094193005309112E-11
2.0798355131758943E-11
2.065961142355179E-11
2.0517648268060573E-11
2.0381714055093398E-11
2.0242608680756014E-11
2.011055997006809E-11
1.9971871305242972E-11
1.9840135680802796E-11
1.9706110168316998E-11
1.957850248234571E-11
1.9447760848401835E-11
1.9321595920426994E-11
1.9192540198366434E-11
1.9068575897572888E-11
1.8944068564868778E-11
1.882229668219965E-11
1.86951385681074E-11
1.8576973684043973E-11
1.845725169540186E-11
1.8339830048343366E-11
1.8220857804038283E-11
1.810747243510323E-11
1.7986277222467954E-11
1.787334056420276E-11
1.7761460639494868E-11
1.7652967532179276E-11
1.7539083915179358E-11
1.7431001336084922E-11
1.7322244211456556E-11
1.7217643127353098E-11
1.7105839818232074E-11
1.700181944845749E-11
1.6896922025765007E-11
1.6791992408421698E-11
1.6687340866924727E-11
1.658878018680958E-11
1.6489606864648458E-11
1.6392247815555183E-11
1.6285683123577942E-11
1.6189531224916372E-11
1.609514698488976E-11
1.5999631057198428E-11
1.5901599122174754E-11
1.5809335981637763E-11
1.571649034709776E-11
1.5628844529685315E-11
1.553202900374386E-11
1.5438726857616024E-11
1.535339153432777E-11
1.5269778186611882E-11
1.517549297384262E-11
1.508960724471935E-11
1.500428477356981E-11
1.491868920630705E-11
1.4830545009150686E-11
1.474859122681241E-11
1.4666660919625572E-11
1.4587690784344398E-11
1.4499893178361496E-11
1.4416405892612023E-11
1.4338742736905608E-11
1.4265077880580026E-11
1.4183465084426708E-11
1.4103738254139236E-11
1.4025585787489575E-11
1.3950420266931193E-11
1.3871965024849801E-11
1.37987564597382E-11
1.372732776172916E-11
1.3655540480806358E-11
1.357589128630986E-11
1.3502467129506309E-11
1.343154404159532E-11
1.3362919355651854E-11
1.329151050215566E-11
1.3222678553864472E-11
1.3151869406898563E-11
1.3085975249721032E-11
1.3013418466822924E-11
1.2944241724328078E-11
1.2881659774028445E-11
1.2821580560498103E-11
1.275101051786628E-11
1.2681806949336069E-11
1.261415071480224E-11
1.2550593228770007E-11
1.2489748250494625E-11
1.2431089037606533E-11
1.2367447148466153E-11
1.2305118591862878E-11
1.2241757381689662E-11
1.2183339025241866E-11
1.2121197045039182E-11
1.2061214605590927E-11
1.200045068099349E-11
1.1941804566987271E-11
1.1882727584829434E-11
1.1827181560878617E-11
1.1767976292540618E-11
1.1711175714787176E-11
1.1656096089838537E-11
1.1600736326295447E-11
1.1541863111572033E-11
1.148928406036663E-11
1.1434628155708665E-11
1.1379831551865994E-11
1.1324050306184942E-11
1.1270407566370347E-11
1.1216755210326176E-11
1.1167716368033092E-11
1.1114803641379893E-11
1.1061580202865494E-11
1.1007673431488301E-11
1.0957017175095615E-11
1.0907888792687428E-11
1.085917889500356E-11
1.0808047855120954E-11
1.0759388245272837E-11
1.070831489156687E-11
1.065949896766305E-11
1.0608555282302228E-11
1.0560523389433582E-11
1.0513396394404235E-11
1.046761129255176E-11
1.0422333703594582E-11
1.0377604792376087E-11
1.0326751622836236E-11
1.0279226206435436E-11
1.0233236563266585E-11
1.0188739871436483E-11
1.0142169775163746E-11
1.009848687131454E-11
1.005631189024213E-11
1.001344610468418E-11
9.964838424333975E-12
9.91986112363227E-12
9.875031587853544E-12
9.831745136048071E-12
9.78849098297039E-12
9.747221678431942E-12
9.706884878142133E-12
9.667122113549787E-12
9.62612607392246E-12
9.585910846031363E-12
9.539782511965986E-12
9.497058658642394E-12
9.455085608174728E-12
9.414527175884618E-12
9.373618264060155E-12
9.334038121609277E-12
9.294055683027313E-12
9.255479513439376E-12
9.216837859299795E-12
9.180749245369658E-12
9.141491699216518E-12
9.10249768157668E-12
9.062135988948811E-12
9.023203108070112E-12
8.983733490502305E-12
8.945535561884194E-12
8.906870405186792E-12
8.869721499660223E-12
8.83232056426828E-12
8.796357475846264E-12
8.760411591880653E-12
8.725254819035136E-12
8.68966565501364E-12
8.65465715588553E-12
8.615886191361063E-12
8.579373687220227E-12
8.543639120981324E-12
8.508911810296152E-12
8.471932318108202E-12
8.436520773291818E-12
8.402020561086987E-12
8.368129009107254E-12
8.332374835232557E-12
8.298085585795935E-12
8.263836675787114E-12
8.230559331050717E-12
8.196939687965699E-12
8.164746960569783E-12
8.133403637957337E-12
8.101630602549305E-12
8.065077452832717E-12
8.031058394047297E-12
7.997316724848194E-12
7.964578361457641E-12
7.931581015120636E-12
7.899766476173855E-12
7.867673889139808E-12
7.835854923210171E-12
7.802872344854989E-12
7.77127119683961E-12
7.739395888718503E-12
7.708373782708967E-12
7.67692209164047E-12
7.646308415489416E-12
7.615267937635995E-12
7.585194527501632E-12
7.555343235646408E-12
7.526130934252874E-12
7.495679152181909E-12
7.467394621025071E-12
7.436123929079692E-12
7.404969325252534E-12
7.374368451278638E-12
7.344476501265326E-12
7.3138513700502E-12
7.284296514939956E-12
7.254552389575873E-12
7.225525562153127E-12
7.19610097075207E-12
7.167403387291684E-12
7.138310010773894E-12
7.1099251041667064E-12
7.081175425967349E-12
7.0531303979525835E-12
7.025269052762982E-12
6.997979948355447E-12
6.969104125718388E-12
6.941144133725328E-12
6.913184883034433E-12
6.885901395223923E-12
6.858267501379864E-12
6.831295277470587E-12
6.803957022395351E-12
6.7772827420064415E-12
6.7502530162851764E-12
6.723891884587896E-12
6.69722956047362E-12
6.671415318170003E-12
6.645778325129284E-12
6.621388186395615E-12
6.593744645808516E-12
6.5662920650462036E-12
6.539286111910187E-12
6.513057010827877E-12
6.486606500199842E-12
6.460805130150596E-12
6.434736132550868E-12
6.409244427063583E-12
6.3834210310852096E-12
6.358185146136477E-12
6.332635512719483E-12
6.307650997883945E-12
6.282352251502183E-12
6.2576071208697155E-12
6.232550850828699E-12
6.208037171286838E-12
6.183223157909847E-12
6.158960197014745E-12
6.134458366192282E-12
6.110445333729237E-12
6.086074724284521E-12
6.062248298759506E-12
6.038125144943983E-12
6.0145227850424756E-12
5.99062496090394E-12
5.967241683355476E-12
5.943562754618506E-12
5.92039017202485E-12
5.896889186922695E-12
5.87386403017201E-12
5.850553312570234E-12
5.827774229108465E-12
5.804750358768812E-12
5.782190558304282E-12
5.759368778805913E-12
5.736995376908379E-12
5.7143402538079455E-12
5.692078223529886E-12
5.669529976111914E-12
5.647514088447289E-12
5.625456793131138E-12
5.603773737600037E-12
5.582022343271636E-12
5.560630327980484E-12
5.5391578947504586E-12
5.518038438971177E-12
5.49683115159881E-12
5.47597341880646E-12
5.455022207320772E-12
5.4344184650475944E-12
5.413716355213394E-12
5.393360327900758E-12
5.372901364700499E-12
5.3527875021005295E-12
5.332566235949798E-12
5.312689342014664E-12
5.2927005524261314E-12
5.273055572810028E-12
5.253294097454497E-12
5.233875974149803E-12
5.2143365755561625E-12
5.1951401147070205E-12
5.175817337629938E-12
5.156837044781669E-12
5.13772501441841E-12
5.118954837195132E-12
5.1000469190318056E-12
5.081479784410275E-12
5.06276793450315E-12
5.044394804815157E-12
5.025868136963811E-12
5.007675710549505E-12
4.989316512137615E-12
4.97127950767332E-12
4.9530453301803065E-12
4.9350672668924736E-12
4.916983700762085E-12
4.899226002567569E-12
4.88148797401538E-12
4.864009879458156E-12
4.846526210556471E-12
4.829286503125652E-12
4.812034337549416E-12
4.795017974429693E-12
4.777986427105134E-12
4.761184970644702E-12
4.744367212432845E-12
4.727774898263461E-12
4.711165952771517E-12
4.694778350825822E-12
4.678374231361563E-12
4.662187664371451E-12
4.6459849685873506E-12
4.629996221859381E-12
4.613991919582929E-12
4.598198083277526E-12
4.582389397785643E-12
4.566787776617207E-12
4.551172115423355E-12
4.535760175245477E-12
4.520335088716231E-12
4.5051104242659085E-12
4.489873580400221E-12
4.474833895462526E-12
4.459783064215603E-12
4.444926159107348E-12
4.4300592023061615E-12
4.4153829655847175E-12
4.400697830017231E-12
4.3862002324973205E-12
4.371694944596584E-12
4.357374034431083E-12
4.3430466955730666E-12
4.3289005935577096E-12
4.3147493752564446E-12
4.300776269734854E-12
4.2867994081914124E-12
4.272997549081069E-12
4.2591933385897015E-12
4.245561030009902E-12
4.231927814722867E-12
4.218463405709998E-12
4.2049995691768364E-12
4.19170144179774E-12
4.1784053934811034E-12
4.165271947484612E-12
4.1521421052637805E-12
4.1391717380261024E-12
4.126206505237294E-12
4.113397585337622E-12
4.100595320269043E-12
4.0879461521093105E-12
4.075305126854299E-12
4.062813902490562E-12
4.050332246212813E-12
4.0379969779816325E-12
4.025672596275723E-12
4.013491019166722E-12
4.001321474365936E-12
3.9892908970495566E-12
3.977273219626635E-12
3.965390280731104E-12
3.953520646940266E-12
3.9417808771098965E-12
3.93005399567162E-12
3.9184509280605895E-12
3.906858697082636E-12
3.8953817411282065E-12
3.88390968491331E-12
3.872537715218299E-12
3.8611523216864725E-12
3.8498251510772565E-12
3.838394730651126E-12
3.826689325869806E-12
3.816077527180977E-12
3.80585697568007E-12
3.795385401884502E-12
3.784921618005585E-12
3.774429868870986E-12
3.76400970157201E-12
3.7535927526503145E-12
3.74325890335444E-12
3.7329387831401145E-12
3.722703319593153E-12
3.712486784614036E-12
3.702353399805669E-12
3.692242413007839E-12
3.6822120995002225E-12
3.672207294797553E-12
3.662280724176201E-12
3.652383250948955E-12
3.642562384972005E-12
3.6327754743749734E-12
3.6230652248913173E-12
3.6133960662914305E-12
3.603806518304111E-12
3.5942689868793637E-12
3.58481884059737E-12
3.5754379502267246E-12
3.566160421290567E-12
3.5569803390548155E-12
3.547934341876882E-12
3.5390344705132228E-12
3.530328559691785E-12
3.521860656073067E-12
3.513713463376149E-12
3.5060062365206454E-12
3.4989424729297518E-12
3.4929117174842976E-12
3.4887798184999424E-12
3.489389680180538E-12
3.4913108030597133E-12
