0.0
1.1918294054317762E-11
3.500355027386536E-11
4.397034975251618E-11
5.92198947397816E-11
6.778852274273029E-11
7.949598474282872E-11
8.774454901865508E-11
9.762468877994214E-11
1.0537907774012555E-10
1.1397592963388903E-10
1.2116814245325815E-10
1.2873758450470964E-10
1.353495621086696E-10
1.4205223531898126E-10
1.4808822340641513E-10
1.5404252664271535E-10
1.5951884108204578E-10
1.6481736285469972E-10
1.6975776841544497E-10
1.744743581353652E-10
1.78907242130168E-10
1.8310164190097567E-10
1.8705782250382102E-10
1.9077893441404637E-10
1.942900039644108E-10
1.975787888257345E-10
2.006759920149736E-10
2.035673652963012E-10
2.062806745139221E-10
2.0880497876726506E-10
2.1116274561910488E-10
2.1334689078061758E-10
2.1537546308069473E-10
2.172434643411069E-10
2.1896708310706175E-10
2.2054062270512027E-10
2.219813871397324E-10
2.2328004588405951E-10
2.244578895826021E-10
2.2549926660284044E-10
2.2643194514735144E-10
2.2723158605175472E-10
2.2793435154124813E-10
2.2850543594793541E-10
2.289908250432357E-10
2.293436886703637E-10
2.2962056069864837E-10
2.297615459613467E-10
2.2983416881575533E-10
2.2975942517030608E-10
2.2963140908155615E-10
2.2945848399815074E-10
2.2924362424505673E-10
2.289712730446633E-10
2.2865872164212355E-10
2.282860171294621E-10
2.278772678358887E-10
2.2740775718557656E-10
2.269073304943554E-10
2.2634669109166514E-10
2.25760638789239E-10
2.2511517625953076E-10
2.2444974366328922E-10
2.237261843306732E-10
2.2298787023734575E-10
2.2219269612703785E-10
2.2138779720609537E-10
2.2052719425736095E-10
2.196615951714935E-10
2.1874170188161528E-10
2.1782112781776946E-10
2.1684747704179042E-10
2.1587716982835536E-10
2.1485520513696272E-10
2.1384042447754912E-10
2.1277502875974752E-10
2.1172017337426783E-10
2.106161213045463E-10
2.0952589837288738E-10
2.0838754428590324E-10
2.0726585703093547E-10
2.0609727439362173E-10
2.0494808918116685E-10
2.0375307604390717E-10
2.0257982533152208E-10
2.013619741231322E-10
2.0016796242071356E-10
1.989306384585481E-10
1.9771923365895018E-10
1.9646525324286815E-10
1.952389895759156E-10
1.9397143635929004E-10
1.9273333532326165E-10
1.9145469337944427E-10
1.9020680774039896E-10
1.8891974007559323E-10
1.8766471197653985E-10
1.8637129114339036E-10
1.851109793446229E-10
1.8381325636296983E-10
1.8254978157889499E-10
1.8125001908690935E-10
1.7998508690416537E-10
1.7868462441369728E-10
1.7742003653285888E-10
1.7612090889283214E-10
1.7485823874749826E-10
1.7356158279742552E-10
1.7230184764387799E-10
1.7100954311023874E-10
1.6975455183817248E-10
1.6846735614844486E-10
1.6721793599389728E-10
1.6593754578369567E-10
1.6469492084057256E-10
1.634219634942746E-10
1.621873058170989E-10
1.609228871420485E-10
1.5969682904526157E-10
1.5844206725275582E-10
1.5722555667388158E-10
1.5598084848774776E-10
1.5477472594994712E-10
1.5354121000527522E-10
1.523459186447589E-10
1.5112392207941347E-10
1.4994021078291457E-10
1.4873085744226027E-10
1.4755932614296723E-10
1.4636237127065937E-10
1.4520334746896857E-10
1.4401992492458474E-10
1.4287404718637215E-10
1.4170436245697103E-10
1.405718623017157E-10
1.3941620948560036E-10
1.3829776602924036E-10
1.3715633251836943E-10
1.3605164662692863E-10
1.3492529585036426E-10
1.338351027394277E-10
1.3272341836856304E-10
1.3164782734947117E-10
1.3055134031020573E-10
1.2949050622442098E-10
1.2840895564008998E-10
1.2736273654297915E-10
1.2629705144809E-10
1.2526619070422066E-10
1.2421583664293222E-10
1.231997718512827E-10
1.2216522422889645E-10
1.2116468176710471E-10
1.2014561679405298E-10
1.191599295015818E-10
1.181564720471473E-10
1.1718619297887053E-10
1.1619885065297469E-10
1.1524375082923731E-10
1.1427148613368508E-10
1.1333147357089683E-10
1.1237510344521515E-10
1.1145043383101515E-10
1.1050989718330162E-10
1.0960020053193963E-10
1.0867488383527433E-10
1.0778001443395212E-10
1.0687064253488565E-10
1.0599120365961454E-10
1.0509645649312239E-10
1.0423168051897807E-10
1.0335227559583253E-10
1.0250208948290328E-10
1.0163822619273251E-10
1.0080270517277212E-10
9.995356231429088E-11
9.91323025845996E-11
9.829810883608877E-11
9.749144429338041E-11
9.667187058575368E-11
9.587962398592689E-11
9.507480112068392E-11
9.429629738582699E-11
9.350571632306237E-11
9.274125717190265E-11
9.19649653510839E-11
9.121462852372842E-11
9.045176590332154E-11
8.971436991565063E-11
8.896666590047127E-11
8.824288893090932E-11
8.750771932115318E-11
8.67975258692657E-11
8.607633107027204E-11
8.537855475190254E-11
8.467033511292943E-11
8.398570655533622E-11
8.329137708679336E-11
8.261937746375698E-11
8.193765614811229E-11
8.127880897440991E-11
8.060939763506348E-11
7.996190209912285E-11
7.930539534540341E-11
7.867038702060313E-11
7.802628519630571E-11
7.740289641102601E-11
7.677139297191879E-11
7.616052968400962E-11
7.553994108071832E-11
7.49399566631366E-11
7.433201519335407E-11
7.374394082289147E-11
7.314776556153139E-11
7.257084035625637E-11
7.198429589103031E-11
7.14177752432262E-11
7.084450364304949E-11
7.028931565633388E-11
6.972600614985099E-11
6.918089882484044E-11
6.86285791875373E-11
6.809420061645527E-11
6.755309220989508E-11
6.702925795074402E-11
6.649754962276067E-11
6.598325758425248E-11
6.546302367156639E-11
6.495937735290928E-11
6.444746553420006E-11
6.395293048901669E-11
6.345163118584818E-11
6.296608035753181E-11
6.247533705081766E-11
6.200078591515542E-11
6.151910819716018E-11
6.105219198791234E-11
6.057880435928517E-11
6.012065775172319E-11
5.965754184658972E-11
5.920951145591485E-11
5.875513182117957E-11
5.831474128844253E-11
5.7869191219305324E-11
5.743806401752481E-11
5.700143172220473E-11
5.6578450957565264E-11
5.614999211782007E-11
5.5735322679054266E-11
5.531427708736498E-11
5.490774352933594E-11
5.449565668591488E-11
5.4096001249326426E-11
5.369143058979255E-11
5.3299927487584406E-11
5.2903982785142005E-11
5.252037411935092E-11
5.213089154092705E-11
5.175338678048554E-11
5.137327379434212E-11
5.1005285956851564E-11
5.063073988674415E-11
5.0267618600574244E-11
4.9900529820441926E-11
4.954535684939829E-11
4.9187049476702025E-11
4.883926555567046E-11
4.84861229854496E-11
4.8144740946760754E-11
4.779860653988433E-11
4.746279201004647E-11
4.712342302124925E-11
4.6796106832901106E-11
4.646344448736604E-11
4.6140015588180614E-11
4.581293047863732E-11
4.5496578990495224E-11
4.517711812657409E-11
4.486772555037295E-11
4.4552710590903215E-11
4.424757904383895E-11
4.3940044336788924E-11
4.364067530666436E-11
4.333835251474009E-11
4.304609392549631E-11
4.27495665482715E-11
4.2462461621198526E-11
4.217153727200114E-11
4.188856032024531E-11
4.1603651392849106E-11
4.132860375392096E-11
4.1048152068221665E-11
4.077534591809113E-11
4.050140149158256E-11
4.0236267165231613E-11
3.996549891867916E-11
3.970384894706038E-11
3.94394194701682E-11
3.918262070683701E-11
3.892189628004233E-11
3.867005998865605E-11
3.841650084416378E-11
3.816977438575448E-11
3.7919519950255934E-11
3.767587202021702E-11
3.743084683864277E-11
3.719345979431487E-11
3.6952792769730814E-11
3.671995328066683E-11
3.648305320473512E-11
3.625256828884726E-11
3.6020087849702434E-11
3.579601308660556E-11
3.556960831087357E-11
3.534853619500621E-11
3.5124701982048795E-11
3.490743125523895E-11
3.46884231587472E-11
3.447581606355752E-11
3.425925459192439E-11
3.40496076874794E-11
3.3838054977731236E-11
3.363269708432621E-11
3.3425196262523E-11
3.3223769793495686E-11
3.302020295051803E-11
3.2822593001389715E-11
3.2621851197477663E-11
3.2426511243996154E-11
3.222950638536022E-11
3.203940260910914E-11
3.1847250008185897E-11
3.1659684436248575E-11
3.146866673028557E-11
3.1282558248825884E-11
3.1096185246311415E-11
3.091690422247464E-11
3.073606389671444E-11
3.055877921781855E-11
3.0376905204278533E-11
3.0201759750811044E-11
3.002533398325565E-11
2.985348406520995E-11
2.9679787902404186E-11
2.9511429965756805E-11
2.934085341189518E-11
2.917479479728E-11
2.9007495981107506E-11
2.8845160038319817E-11
2.8679328144439637E-11
2.8518645698178877E-11
2.8358709179803808E-11
2.8201064488365156E-11
2.8041134055150554E-11
2.7887478978436124E-11
2.773054028871186E-11
2.7578335469301116E-11
2.7425464416816548E-11
2.7275098117941495E-11
2.7124332795552837E-11
2.69776976991215E-11
2.6829381080148477E-11
2.6686348789494437E-11
2.6539399287740516E-11
2.6396756332762807E-11
2.6252872044803333E-11
2.6113125927298278E-11
2.5972200976277752E-11
2.5835254492815777E-11
2.569653545259135E-11
2.5561380415357373E-11
2.5424974117631775E-11
2.529186411130597E-11
2.5157727167237127E-11
2.5027677530362773E-11
2.4896106815342343E-11
2.4767876550617716E-11
2.463795568134419E-11
2.451155889609516E-11
2.438392955146439E-11
2.4259687079796688E-11
2.4133643189017043E-11
2.401137218003168E-11
2.3887344909684485E-11
2.3766328912125243E-11
2.364385264761355E-11
2.3524065169074868E-11
2.340620578376988E-11
2.3290189225017102E-11
2.3172566416043466E-11
2.3057960828161876E-11
2.294045223464363E-11
2.282801813603861E-11
2.2713364620068095E-11
2.260085578578284E-11
2.2490438455047722E-11
2.2381608453678176E-11
2.2271018649501465E-11
2.2163434093834286E-11
2.2052614707026154E-11
2.194667092832551E-11
2.1840120091257374E-11
2.173452731582102E-11
2.1629338494139367E-11
2.152672745562319E-11
2.142169895978199E-11
2.132066130716927E-11
2.1218259828287518E-11
2.1117352890988757E-11
2.101598513436227E-11
2.091837960972809E-11
2.0819366680260028E-11
2.0721361904749072E-11
2.062387923244431E-11
2.0528658504294127E-11
2.0431988388984082E-11
2.033746958420724E-11
2.024274113964448E-11
2.0150335449452226E-11
2.0055508309707283E-11
1.9963520192012616E-11
1.987287063247121E-11
1.9783472489533722E-11
1.96909880232985E-11
1.9601596525619E-11
1.9512962056364255E-11
1.9425731137292833E-11
1.93366377391583E-11
1.925029354269549E-11
1.9164047620528114E-11
1.90789605366792E-11
1.8991481739990663E-11
1.8906969353026317E-11
1.8823647458552104E-11
1.87413129332159E-11
1.865611834174187E-11
1.857375204582389E-11
1.849139327089161E-11
1.841173788285376E-11
1.83299933924633E-11
1.824880996383345E-11
1.8168081357884588E-11
1.8089487047388596E-11
1.8011635286507448E-11
1.7935981687808584E-11
1.785830371909974E-11
1.778131009429435E-11
1.770524640681008E-11
1.7630836852278403E-11
1.7557313532217614E-11
1.7484441334085427E-11
1.7409398749876907E-11
1.7336490758476236E-11
1.726407894347401E-11
1.719321909511022E-11
1.712310225689444E-11
1.7053602330969904E-11
1.6981794919206256E-11
1.691209963915388E-11
1.6842757241511838E-11
1.677487790119734E-11
1.6707310402298474E-11
1.66418524617329E-11
1.657395225068499E-11
1.6506651832912275E-11
1.64398799394463E-11
1.637459144808742E-11
1.630935566576756E-11
1.6245599960567717E-11
1.618227370660145E-11
1.6119525101560624E-11
1.6054119868450875E-11
1.5990773182838285E-11
1.592737520141955E-11
1.586523440497863E-11
1.5802600005816923E-11
1.574113532053802E-11
1.568090895168152E-11
1.562102072979592E-11
1.5559282759166774E-11
1.5499206420077792E-11
1.5439905483139065E-11
1.5381482822090788E-11
1.5323614385247267E-11
1.5266541703727744E-11
1.5210030672064414E-11
1.5154424505382945E-11
1.5099853602803662E-11
1.5045292744935778E-11
1.498872257305312E-11
1.4933667552746023E-11
1.487931663114489E-11
1.4825737759551327E-11
1.477266925504603E-11
1.472030690003762E-11
1.466847549921648E-11
1.4617467212453914E-11
1.4567472857626862E-11
1.4517402448140923E-11
1.4465281105309835E-11
1.4414596476903763E-11
1.4364589625659357E-11
1.4315262705121716E-11
1.4266405098623016E-11
1.4218133327181711E-11
1.4170297896878298E-11
1.4123031596273399E-11
1.4076226731008406E-11
1.4030051626939763E-11
1.398453888751523E-11
1.3940382878255214E-11
1.3894125494639623E-11
1.3847661236883468E-11
1.380217985989561E-11
1.3757354684253573E-11
1.3713000763990934E-11
1.366912604809135E-11
1.3625649894068422E-11
1.3582599571136872E-11
1.3539927090491605E-11
1.3497655558816581E-11
1.3455762958053776E-11
1.341426915181963E-11
1.3373189652269513E-11
1.33325730859724E-11
1.3292578671871482E-11
1.3253786622863548E-11
1.3212803512082222E-11
1.3171428817972264E-11
1.313100348157313E-11
1.3091067132772517E-11
1.3051565904740761E-11
1.3012379397233182E-11
1.2973566373309856E-11
1.293502739468346E-11
1.2896862987213378E-11
1.2858972920680475E-11
1.2821494653190005E-11
1.2784328784690218E-11
1.2747657588110317E-11
1.2711394898543984E-11
1.2675788680323513E-11
1.264079750528745E-11
1.2606787311166412E-11
1.2573848882295172E-11
1.2542626645316017E-11
1.2513661961502508E-11
1.2488601843161969E-11
1.2470447475716187E-11
1.2469800005930076E-11
1.2472750220776802E-11
