0.0
3.472812976284844E-12
1.6674502400854846E-11
2.1649415840916967E-11
2.996711890564017E-11
3.4283003389798516E-11
4.041371623493417E-11
4.449981731305071E-11
4.9559291738001404E-11
5.337225661835422E-11
5.770244476922094E-11
6.121923530099026E-11
6.497731351567525E-11
6.819230017256572E-11
7.14768008480794E-11
7.439439602670405E-11
7.727586322217214E-11
7.99043639343564E-11
8.243874651513702E-11
8.47914698501632E-11
8.702182844805142E-11
8.911394547470077E-11
9.107462812115798E-11
9.292287650690003E-11
9.4640983202079E-11
9.626196547120845E-11
9.776027335620856E-11
9.917088403084026E-11
1.00468430696028E-10
1.016846772155676E-10
1.027970690992849E-10
1.0383349804313542E-10
1.0477489504087493E-10
1.0564579378365111E-10
1.0642786548907966E-10
1.0714476249640007E-10
1.07779192288113E-10
1.0835403764307261E-10
1.0884957523935756E-10
1.0929153366048303E-10
1.0965643656338677E-10
1.0997388325932779E-10
1.10215779179357E-10
1.1041565662176435E-10
1.1053915795267009E-10
1.1062589183764128E-10
1.1063445779076196E-10
1.1061067658722552E-10
1.1050560336839794E-10
1.1037126644300576E-10
1.101493892744979E-10
1.0990985558738643E-10
1.096536983992793E-10
1.0939033896611016E-10
1.0910204286511139E-10
1.0880582779985632E-10
1.0848182592856237E-10
1.0815059043247441E-10
1.0778991188538656E-10
1.0742389258797112E-10
1.0702830836294897E-10
1.0662933562856816E-10
1.0620045307719918E-10
1.0577090210504967E-10
1.0531151260654288E-10
1.0485347574825369E-10
1.0436629158987818E-10
1.038828858408523E-10
1.0337077250912236E-10
1.0286408158028782E-10
1.0232900808136227E-10
1.0180148006467895E-10
1.0124666106966116E-10
1.0070118008319038E-10
1.0012787250485506E-10
9.95659149570492E-11
9.897771997865957E-11
9.840162404116465E-11
9.779956694521871E-11
9.721118033387543E-11
9.659744579118462E-11
9.599889668520833E-11
9.537551929554416E-11
9.47682942825404E-11
9.413613685974674E-11
9.352111935484536E-11
9.288270615472583E-11
9.226205101843919E-11
9.161836457964192E-11
9.099344177938047E-11
9.034541596344869E-11
8.97171154548788E-11
8.906626961613177E-11
8.843551780828735E-11
8.778385523339575E-11
8.715249690444964E-11
8.649912622709212E-11
8.586725998611781E-11
8.521505327239285E-11
8.458426062109312E-11
8.393260527809066E-11
8.330230061303406E-11
8.265342075212244E-11
8.202670199856843E-11
8.137991559047372E-11
8.075514328857382E-11
8.011199249581222E-11
7.949142308514687E-11
7.885271507402089E-11
7.823627882196343E-11
7.760121293593372E-11
7.698916314388786E-11
7.6359451708617E-11
7.575195397225065E-11
7.512778795038554E-11
7.452592236166959E-11
7.390801941165506E-11
7.331287211716404E-11
7.270046866386712E-11
7.211037410387607E-11
7.150537847035717E-11
7.092264342069842E-11
7.032408679632947E-11
6.97479090853266E-11
6.915677559885479E-11
6.8587188667153E-11
6.800315869941868E-11
6.744120543642443E-11
6.686429164679317E-11
6.630928307860844E-11
6.574101984782432E-11
6.519428993384325E-11
6.463375902648805E-11
6.409450848500926E-11
6.354112590416831E-11
6.300875924875263E-11
6.246417160591786E-11
6.194015402087198E-11
6.140321471175346E-11
6.088728073877645E-11
6.035904840212064E-11
5.985099384643933E-11
5.933119798355102E-11
5.883173614532926E-11
5.832012970559531E-11
5.782813084164249E-11
5.732394582737842E-11
5.683984945583421E-11
5.634442704028235E-11
5.5867865217416765E-11
5.5382259595626204E-11
5.491477694034223E-11
5.443545725450139E-11
5.3975554547169625E-11
5.350575708859878E-11
5.305420709418307E-11
5.259250488980329E-11
5.214861734493576E-11
5.1694054448360564E-11
5.12572742979261E-11
5.081231978002765E-11
5.038448664573114E-11
4.994677702467501E-11
4.952630965155728E-11
4.909700925339785E-11
4.868449344397155E-11
4.826256998036409E-11
4.7858429051624905E-11
4.7444509632435663E-11
4.704609755822341E-11
4.6639641793375757E-11
4.624941594514603E-11
4.585123743237552E-11
4.54689751439708E-11
4.5078909124429747E-11
4.4703801761209445E-11
4.4319056232330154E-11
4.3950226955121926E-11
4.357595051347469E-11
4.321598275103906E-11
4.2846199705424346E-11
4.249136522130512E-11
4.212971495232734E-11
4.178280535729903E-11
4.142881958261201E-11
4.1088183833627705E-11
4.074016521663842E-11
4.04058867874569E-11
4.006572765589328E-11
3.973955641407499E-11
3.940687972512636E-11
3.9085831550869E-11
3.875719581540528E-11
3.8442407332051855E-11
3.812303385309447E-11
3.781592273025178E-11
3.750192789141298E-11
3.720030161337927E-11
3.6893023586297173E-11
3.659802599693222E-11
3.6297029995524E-11
3.600802039332788E-11
3.571246126174458E-11
3.54280683410915E-11
3.513626187459167E-11
3.4858007189760754E-11
3.4577079077465463E-11
3.43044151591068E-11
3.402608068507113E-11
3.376053548052311E-11
3.348717301747957E-11
3.322519404061294E-11
3.295994424484699E-11
3.270417836294583E-11
3.244243525379026E-11
3.219208218591317E-11
3.193732643216316E-11
3.1691906512355676E-11
3.144066857114177E-11
3.119995214173868E-11
3.0955199793767E-11
3.07188957475979E-11
3.0478710982064017E-11
3.024817308744888E-11
3.001319722550088E-11
2.9786842327949926E-11
2.9556761267618736E-11
2.933618466735847E-11
2.9110293167830653E-11
2.8893480694312086E-11
2.867325683125281E-11
2.8462111929173906E-11
2.824377655720862E-11
2.803456565911362E-11
2.7824251146149814E-11
2.7621159375634937E-11
2.7413582634384857E-11
2.721379292593347E-11
2.7009841934948134E-11
2.6814848814868982E-11
2.661631375600945E-11
2.6425032208189842E-11
2.6230154606610955E-11
2.6043239174591994E-11
2.5852325564052584E-11
2.566860855319079E-11
2.548012953043902E-11
2.529936814034992E-11
2.5115499014060848E-11
2.4939631581996347E-11
2.476344035185689E-11
2.4592837265318797E-11
2.44170442974039E-11
2.4247522484403043E-11
2.4072000793581882E-11
2.3905385722127628E-11
2.3739954207000982E-11
2.3579553438587092E-11
2.3412512150154697E-11
2.3253200656930744E-11
2.3093558765857352E-11
2.2938468660291497E-11
2.2777955552510382E-11
2.2625624771755102E-11
2.2471608642971854E-11
2.232075534125825E-11
2.216993230299669E-11
2.2026022268836192E-11
2.1874861727006523E-11
2.173101658569953E-11
2.1586338295137447E-11
2.1445126675965135E-11
2.1303029633404963E-11
2.116521443859873E-11
2.1024466106048834E-11
2.0890438007493273E-11
2.075391173787554E-11
2.062348856194863E-11
2.0487291608915507E-11
2.0357770917417006E-11
2.022614735496872E-11
2.0098732936201384E-11
1.9969932644083805E-11
1.9845774915272716E-11
1.971898146649134E-11
1.9597659487219434E-11
1.9473980916351948E-11
1.935453653260709E-11
1.9232486445316814E-11
1.9114972613117977E-11
1.8993964553751E-11
1.8878464003324422E-11
1.8762502309926172E-11
1.8649063438017974E-11
1.8536534928355165E-11
1.8427423471822173E-11
1.8315511333968228E-11
1.820788390596465E-11
1.8096576663793564E-11
1.798968304651895E-11
1.7881105142315615E-11
1.7778428134162966E-11
1.7673387130880878E-11
1.7571483472707063E-11
1.7465896758882052E-11
1.736418661953482E-11
1.7263695086993284E-11
1.7165658478101122E-11
1.7063979767027748E-11
1.6968720668831914E-11
1.6870959966219996E-11
1.677475363395668E-11
1.6679852102425015E-11
1.6588094705101898E-11
1.649276078479195E-11
1.6402605078693344E-11
1.6309114552219798E-11
1.621806811784609E-11
1.6127803710938206E-11
1.604047233709656E-11
1.5951231613673626E-11
1.5864615329698026E-11
1.5778303308189268E-11
1.5695359242787563E-11
1.5607239005684337E-11
1.552439055214336E-11
1.544015802403718E-11
1.5357239186296608E-11
1.5273741651581624E-11
1.5195333322442823E-11
1.5113746691110062E-11
1.5033047543673314E-11
1.4953482748065173E-11
1.487812517476447E-11
1.4798500220794975E-11
1.472060811195982E-11
1.4644047957327314E-11
1.4570909242321038E-11
1.4494078549567424E-11
1.4419345787826699E-11
1.4344664116313982E-11
1.4272129019449523E-11
1.4200711545972775E-11
1.4131275110011562E-11
1.405735227112463E-11
1.3986364995245117E-11
1.3915297273769056E-11
1.38486912011776E-11
1.3780096881457608E-11
1.371132409302656E-11
1.3641101199573218E-11
1.3574193047102367E-11
1.3509345922738962E-11
1.3446000955647569E-11
1.337757476736475E-11
1.3311866197807338E-11
1.3246604823041639E-11
1.3184963451106442E-11
1.312101142192615E-11
1.3057736387523808E-11
1.2993071812458333E-11
1.2930781884037173E-11
1.2868979501509316E-11
1.280918834543048E-11
1.275054937842823E-11
1.2692731982875509E-11
1.262993359208402E-11
1.2570158659404322E-11
1.2510810345871167E-11
1.2453513676191831E-11
1.2396565315082336E-11
1.2340637166377387E-11
1.2281928928242007E-11
1.2225373772058888E-11
1.2167864006235085E-11
1.2112524697942434E-11
1.2056514719008227E-11
1.2002334479540171E-11
1.194979357807469E-11
1.189797596605603E-11
1.1841432059213226E-11
1.1787571287897725E-11
1.1733961992441016E-11
1.1681561384546819E-11
1.1628482945636992E-11
1.1577586383926943E-11
1.1528051351174403E-11
1.1478874229145403E-11
1.14258327687553E-11
1.1375388874277101E-11
1.132398626432322E-11
1.1273811691628572E-11
1.1223598271674512E-11
1.1175103469861331E-11
1.112653604212281E-11
1.1079361886932485E-11
1.1033316257732739E-11
1.098784352704187E-11
1.093815735516884E-11
1.0890401766619046E-11
1.0842128494985629E-11
1.0795449578770075E-11
1.0748689754650826E-11
1.0703291978372232E-11
1.0657689429039924E-11
1.0613312513355247E-11
1.0569139083618899E-11
1.0527358139387418E-11
1.0482755132786951E-11
1.0437756353968954E-11
1.0392098416791203E-11
1.0348216621457275E-11
1.030396799776677E-11
1.0261019492297893E-11
1.0218008357491513E-11
1.0175998031625584E-11
1.0133669043390268E-11
1.0092382875615034E-11
1.005101477523026E-11
1.0010890363103245E-11
9.971474382370877E-12
9.932199837244437E-12
9.889070013307745E-12
9.847931546232181E-12
9.806771963172094E-12
9.766679678056882E-12
9.726315082876651E-12
9.687042837215626E-12
9.647513992121481E-12
9.608862604909295E-12
9.569909059818088E-12
9.531925439029556E-12
9.493786668522106E-12
9.456355249997024E-12
9.418354469955811E-12
9.381458328095371E-12
9.344667012884089E-12
9.309678085278964E-12
9.27249812305737E-12
9.235119288683481E-12
9.197033221603335E-12
9.160205481444E-12
9.123376466189969E-12
9.087510028058414E-12
9.051458878890164E-12
9.016223983228491E-12
8.980808168463011E-12
8.946298514532984E-12
8.910963178729324E-12
8.876512773014405E-12
8.8415100438828E-12
8.807371223849482E-12
8.772659667031681E-12
8.738817350031193E-12
8.704385381827751E-12
8.670830282444082E-12
8.636671113998516E-12
8.603401644292667E-12
8.569521823487336E-12
8.536560734868846E-12
8.503015634410341E-12
8.470502315667454E-12
8.437740100714936E-12
8.405383890369808E-12
8.37059029597812E-12
8.337316243789155E-12
8.303552829700486E-12
8.270764212928517E-12
8.23731066520138E-12
8.204773753387302E-12
8.171515305537727E-12
8.139160002200493E-12
8.106045931851908E-12
8.073831655319491E-12
8.040825070446176E-12
8.008715999906345E-12
7.975777459386836E-12
7.943726462063542E-12
7.910788983799388E-12
7.878673165849152E-12
7.845659421448697E-12
7.81350977209132E-12
7.780850857216806E-12
7.748997937265791E-12
7.716548594077354E-12
7.684876595868713E-12
7.652579216533722E-12
7.621051773560398E-12
7.588880119930966E-12
7.557477077788923E-12
7.525414553672992E-12
7.49412205021712E-12
7.462156435249388E-12
7.430963821634269E-12
7.399085341124932E-12
7.367983902057514E-12
7.336184332958026E-12
7.305166625877484E-12
7.2734387734162996E-12
7.242498177626206E-12
7.210835447635116E-12
7.179965718642527E-12
7.148361614378667E-12
7.117556281472408E-12
7.086003652546336E-12
7.055255056925569E-12
7.0237448422599E-12
6.993042465609555E-12
6.961561429907928E-12
6.930888762759353E-12
6.899415045385106E-12
6.868743038398551E-12
6.837236073002998E-12
6.8065066563841225E-12
6.774877876003259E-12
6.743944962778736E-12
6.71191023318076E-12
6.680156239343614E-12
6.64819770567959E-12
6.616991897837908E-12
6.586220044825182E-12
6.555779444711415E-12
6.5256212057932E-12
6.495717475315093E-12
6.46605073496101E-12
6.436609259144008E-12
6.407384853988453E-12
6.378371603178815E-12
6.3495651160518E-12
6.320962049902121E-12
6.292559792845906E-12
6.264356246092098E-12
6.236349670624268E-12
6.208538577207213E-12
6.1809216464484544E-12
6.153497670242738E-12
6.126265508745087E-12
6.099224058805201E-12
6.072372230967633E-12
6.0457089329323994E-12
6.019233057917331E-12
5.992943476751037E-12
5.966839032806199E-12
5.9409185390895875E-12
5.9151807769604026E-12
5.8896244960665275E-12
5.864248415178686E-12
5.8390512236731726E-12
5.814031583468424E-12
5.789188131264413E-12
5.7645194809676665E-12
5.740024226211839E-12
5.715700942905383E-12
5.6915481917544065E-12
5.667564520723008E-12
5.643748467403068E-12
5.62009856127473E-12
5.5966133258447374E-12
5.573291280655244E-12
5.550130943159491E-12
5.527130830463837E-12
5.504289460937815E-12
5.48160535569566E-12
5.45907703995386E-12
5.436703044270156E-12
5.4144819056700166E-12
5.392412168666697E-12
5.37049238618159E-12
