0.0
1.486560494932611E-12
9.061585803143312E-12
1.187763807256824E-11
1.663272205880995E-11
1.89881796517335E-11
2.2420196427803898E-11
2.4637358400364498E-11
2.7449972151790256E-11
2.952623253324562E-11
3.1929947885645985E-11
3.385803690010836E-11
3.594894784109055E-11
3.772460956343205E-11
3.9559017854048936E-11
4.118364325873771E-11
4.280029400232129E-11
4.427518405875168E-11
4.570761310149532E-11
4.7040368828890245E-11
4.831017446682459E-11
4.950592607442877E-11
5.063221220299751E-11
5.1698210860898304E-11
5.269494477361055E-11
5.363973937179191E-11
5.451892170835055E-11
5.5351007950349345E-11
5.612090176409461E-11
5.684696293239764E-11
5.751614746154943E-11
5.8143227540071664E-11
5.871820228820805E-11
5.92535266588743E-11
5.973913349949503E-11
6.01877248809164E-11
6.058958951042527E-11
6.095643364909409E-11
6.127858980226929E-11
6.156867217113131E-11
6.181376907453103E-11
6.202980096059843E-11
6.220119559269873E-11
6.2345688982224E-11
6.244367054009732E-11
6.25172387028833E-11
6.254289676678113E-11
6.254527617041914E-11
6.2497793283047E-11
6.242933640787242E-11
6.230753111657431E-11
6.217513968693738E-11
6.203734083615788E-11
6.189788552123898E-11
6.175005203742056E-11
6.160095552528493E-11
6.144051181255071E-11
6.127714044115668E-11
6.110126815688089E-11
6.092334377221815E-11
6.073126528708088E-11
6.053807396133595E-11
6.033085251171753E-11
6.012311633921502E-11
5.99008054904386E-11
5.96787237675243E-11
5.944268426612762E-11
5.920826053928712E-11
5.895942399957308E-11
5.871309785580889E-11
5.84519505686557E-11
5.8194475117827374E-11
5.792174488472196E-11
5.7653973580918E-11
5.737233528091873E-11
5.709562638384044E-11
5.680552492573174E-11
5.652124190003373E-11
5.6222407257259647E-11
5.593091094171372E-11
5.562576880880151E-11
5.5328118289319684E-11
5.501637292461981E-11
5.471312279984686E-11
5.4397138353992295E-11
5.408922149974986E-11
5.376861142932367E-11
5.3457088865530775E-11
5.313247764394493E-11
5.2818456638581907E-11
5.249069584447958E-11
5.2172497602161617E-11
5.184210775238589E-11
5.152233838414777E-11
5.1191166581966313E-11
5.0870632099611304E-11
5.053722820942216E-11
5.0215079114602525E-11
4.9881017356740896E-11
4.9557507566625056E-11
4.922233882599996E-11
4.8899290869605974E-11
4.8565870861373345E-11
4.824358454794723E-11
4.79095003571394E-11
4.758751531292585E-11
4.72536034474674E-11
4.693281370425484E-11
4.6600306338345054E-11
4.6279513376264625E-11
4.59490452109888E-11
4.5630687661171956E-11
4.53020266156433E-11
4.498564869392364E-11
4.465842112941346E-11
4.434377741110134E-11
4.401969246787069E-11
4.370733277653375E-11
4.338349746468799E-11
4.307323699044765E-11
4.275443800406183E-11
4.244645683874312E-11
4.212931079686727E-11
4.182461617441464E-11
4.151112488796647E-11
4.120994355644743E-11
4.0899205002782773E-11
4.060095676417182E-11
4.029383535441603E-11
3.9998491492063314E-11
3.969316349227757E-11
3.940124639423856E-11
3.910001876151533E-11
3.8810627277559117E-11
3.8513358590624604E-11
3.822755960312071E-11
3.793398892410254E-11
3.765261410339951E-11
3.736299137797164E-11
3.7084587679613686E-11
3.679900472703359E-11
3.6525549168101613E-11
3.624379948261459E-11
3.597332659067085E-11
3.5694352908700024E-11
3.542695748159499E-11
3.515246653434821E-11
3.488880676023794E-11
3.46182889497722E-11
3.4359617851251604E-11
3.4092376972178424E-11
3.3836031962988E-11
3.357453751560143E-11
3.332354658826028E-11
3.3063447415527266E-11
3.281526283385883E-11
3.2560159108830295E-11
3.2316108919791147E-11
3.2064700493013445E-11
3.1824449688197354E-11
3.157886925561054E-11
3.13423418531902E-11
3.1098538981478E-11
3.086555447997731E-11
3.0626634478617744E-11
3.0397095348486536E-11
3.016328660926601E-11
2.993868963233026E-11
2.970834207220074E-11
2.948859698886317E-11
2.925937416288064E-11
2.9039829047717586E-11
2.8816236025959085E-11
2.8603403769165108E-11
2.8384756140728275E-11
2.817410207289395E-11
2.795841564981719E-11
2.775115418582398E-11
2.753924134587131E-11
2.7337665788616236E-11
2.7131995877610902E-11
2.6933064358850126E-11
2.6724542113069105E-11
2.6527364857939545E-11
2.6327749594148457E-11
2.6135877796681676E-11
2.5938923964824014E-11
2.5750454768543652E-11
2.5556548186615227E-11
2.5371134510152903E-11
2.5178905125898267E-11
2.4994977604293872E-11
2.4808967375879805E-11
2.4630092552380778E-11
2.4448058993855203E-11
2.4274212392915814E-11
2.40938948321959E-11
2.3921858417589233E-11
2.3745564163172992E-11
2.3576853923443198E-11
2.340314660509125E-11
2.3236938768520814E-11
2.3065915774709174E-11
2.290347730643382E-11
2.2738870908580213E-11
2.2578192750967536E-11
2.24131801329188E-11
2.225840298672105E-11
2.2096890159964017E-11
2.1940529714597692E-11
2.178467708338639E-11
2.1636652812604493E-11
2.1482068527528395E-11
2.1334150847350194E-11
2.1181714027506168E-11
2.1035048388202573E-11
2.0889024849259834E-11
2.0749725688930436E-11
2.0600161980290708E-11
2.0459203646474298E-11
2.0318404307424143E-11
2.0180742241213257E-11
2.0039415944682272E-11
1.9905415984418663E-11
1.9768935418946222E-11
1.963956510352136E-11
1.950385443926973E-11
1.9374163328446E-11
1.9241031557056974E-11
1.9114360564953145E-11
1.8984555141668397E-11
1.8859193511446457E-11
1.8732625591127577E-11
1.861298964020754E-11
1.8489514408260914E-11
1.8370175147001538E-11
1.824631851851694E-11
1.8129563996897837E-11
1.800991092105252E-11
1.7894180417835683E-11
1.777724923088695E-11
1.7666393128813635E-11
1.7551269298308173E-11
1.744059487211619E-11
1.732728426220358E-11
1.721978800708101E-11
1.7107738159901776E-11
1.699907408090849E-11
1.6892258846077855E-11
1.6789550219762747E-11
1.6682550354577073E-11
1.6580069892264925E-11
1.647825088003014E-11
1.6380722153777444E-11
1.6272507407014245E-11
1.6174631677359377E-11
1.607772440992801E-11
1.5978582115458272E-11
1.588035182992647E-11
1.5788075013035037E-11
1.5690985253330418E-11
1.55986695748544E-11
1.5501575609747422E-11
1.5410068144836348E-11
1.5321826184557484E-11
1.523402580900089E-11
1.513895365408492E-11
1.5052445628662625E-11
1.4964498683955276E-11
1.4878009080441934E-11
1.4792914868640146E-11
1.4710190509609357E-11
1.4621683030674257E-11
1.454015703899784E-11
1.4456100890354443E-11
1.4374259626646587E-11
1.4290608962611345E-11
1.421066171714382E-11
1.4129252524713953E-11
1.4051501254621666E-11
1.397393901394122E-11
1.389870312388484E-11
1.3817320694570689E-11
1.3739940359926669E-11
1.3665256299244945E-11
1.3595004954814445E-11
1.3520178278390485E-11
1.3446356065932723E-11
1.3369855164757948E-11
1.3298849548637651E-11
1.3230341112191276E-11
1.3163661162417829E-11
1.3089005872573192E-11
1.3017591611049488E-11
1.2945246519291547E-11
1.2878828777223242E-11
1.2814965022504911E-11
1.2752161230918556E-11
1.2681139600443117E-11
1.2612900565376478E-11
1.25474884400374E-11
1.2487376000448388E-11
1.24209371980252E-11
1.2355285743291505E-11
1.2291115348154745E-11
1.2230373217758572E-11
1.2170175364233527E-11
1.2110319862475602E-11
1.2044605736446848E-11
1.198347680868329E-11
1.19235788415696E-11
1.1866134235126247E-11
1.1808061443573971E-11
1.1751678358080465E-11
1.1692206190578058E-11
1.163487187016786E-11
1.1574202925852391E-11
1.1518863610318071E-11
1.1467295638687187E-11
1.1413901650103216E-11
1.1352685303484092E-11
1.1297329981894035E-11
1.1243950301825911E-11
1.1191896487032789E-11
1.1140272209320544E-11
1.1089752756362696E-11
1.1033153445756337E-11
1.0979808344715608E-11
1.092601804255609E-11
1.0875668880503882E-11
1.0826231368117574E-11
1.0779321353655052E-11
1.0727036685862259E-11
1.0675003497603373E-11
1.062331872076578E-11
1.0575084601534103E-11
1.0527155690127208E-11
1.0479830039551833E-11
1.0432237016343283E-11
1.0388771078305242E-11
1.0339380887133653E-11
1.029001258811778E-11
1.0240797619273782E-11
1.0194229073183432E-11
1.014760009624025E-11
1.0102573776104459E-11
1.005768711876534E-11
1.0016848146010742E-11
9.974056558667749E-12
9.929553644803566E-12
9.881025038186725E-12
9.83555254058456E-12
9.79050299583423E-12
9.747453051885321E-12
9.704284086053984E-12
9.662658138523546E-12
9.620961607291422E-12
9.58200877453817E-12
9.538611945024147E-12
9.496008872753654E-12
9.455150303509439E-12
9.41478847308382E-12
9.371873364694398E-12
9.331028189601747E-12
9.289762596208945E-12
9.250727743230647E-12
9.211650717959147E-12
9.174682852595771E-12
9.133333501951912E-12
9.092497282453502E-12
9.052198958994177E-12
9.01338260552666E-12
8.975182024197242E-12
8.938021554423782E-12
8.89855028045658E-12
8.861012622344814E-12
8.823533032843895E-12
8.786593747251692E-12
8.7491406945382E-12
8.713893160665436E-12
8.678857954181381E-12
8.643440380488907E-12
8.60367600198397E-12
8.566680509100177E-12
8.529662762403401E-12
8.493805705213113E-12
8.457723799526043E-12
8.423312014029851E-12
8.388966568200436E-12
8.354397803763563E-12
8.317749889062063E-12
8.283202158637048E-12
8.248934150206148E-12
8.215929125643115E-12
8.182486158707719E-12
8.149713045018558E-12
8.11678710045446E-12
8.084414728000489E-12
8.048358652789849E-12
8.014422058824768E-12
7.980360087907182E-12
7.947363972668648E-12
7.913978991666767E-12
7.881745969529115E-12
7.849609219822764E-12
7.817946299820662E-12
7.785681455020482E-12
7.75456973283369E-12
7.72173763182573E-12
7.690049938702787E-12
7.658417857069739E-12
7.62766992280243E-12
7.596521091111952E-12
7.5662817950499E-12
7.535689553796418E-12
7.506180655605018E-12
7.476915252882738E-12
7.447680224933058E-12
7.415212556660545E-12
7.38480680919139E-12
7.354243797658819E-12
7.324190208062312E-12
7.293446662012203E-12
7.263878894180759E-12
7.234020952813716E-12
7.204931828312756E-12
7.175418866976301E-12
7.14663881099302E-12
7.117468430657547E-12
7.0891762754030916E-12
7.0606871821651195E-12
7.032630607551611E-12
7.003776151183827E-12
6.975885597368448E-12
6.948366548092952E-12
6.921390385033593E-12
6.892773602541547E-12
6.865095400112923E-12
6.837424842716348E-12
6.810452018295099E-12
6.7831288590645745E-12
6.7564990468967265E-12
6.729516847272322E-12
6.703256091681376E-12
6.676706038603251E-12
6.6510159749324816E-12
6.625518759733345E-12
6.600044639310335E-12
6.571855689570076E-12
6.545144955308817E-12
6.518341494127103E-12
6.492276947592152E-12
6.466060817139498E-12
6.4405832073086196E-12
6.4146954479663E-12
6.3892249755471026E-12
6.3633377863203025E-12
6.3382087939689785E-12
6.312806736922577E-12
6.287978096445732E-12
6.262832874093953E-12
6.238256412666058E-12
6.213343049553062E-12
6.1889953518593664E-12
6.164353352124001E-12
6.140270915342327E-12
6.115881421390781E-12
6.092037912450874E-12
6.0678945810391836E-12
6.044290469068734E-12
6.020391093442779E-12
5.997021358703719E-12
5.973330237350623E-12
5.950159172917573E-12
5.926729316925009E-12
5.9038251584794615E-12
5.8806424153255816E-12
5.857963321356903E-12
5.835006315938524E-12
5.8125437854627955E-12
5.789765062880827E-12
5.767461485539988E-12
5.745094651371718E-12
5.7231854404205265E-12
5.700727683593403E-12
5.678852278990484E-12
5.656825210327634E-12
5.635248823313993E-12
5.613489342649571E-12
5.5921683054255615E-12
5.5706514222444185E-12
5.54956887991938E-12
5.528281635055203E-12
5.507427035134959E-12
5.486360133904037E-12
5.4657252241193096E-12
5.44487088045884E-12
5.424448442658541E-12
5.403799584855333E-12
5.383582910173932E-12
5.3631328175740155E-12
5.343115443953893E-12
5.322857547486763E-12
5.30303309929552E-12
5.282960842490996E-12
5.263322900168255E-12
5.243429605490577E-12
5.223971557914672E-12
5.204250252357641E-12
5.184965081338478E-12
5.165408219503579E-12
5.146288133881832E-12
5.126887100244993E-12
5.107922839753356E-12
5.088666940659845E-12
5.069846255002952E-12
5.050720294926595E-12
5.032023788247914E-12
5.0130001488382885E-12
4.9943833433173475E-12
4.975372194871587E-12
4.956752088676946E-12
4.9380437085105E-12
4.919709959289908E-12
4.901229395127784E-12
4.883099412391198E-12
4.864808697596374E-12
4.846859619107329E-12
4.8287429081877075E-12
4.810962800676571E-12
4.793010495900045E-12
4.775391335887896E-12
4.757596438633893E-12
4.740132010726642E-12
4.722488820539769E-12
4.7051738681630655E-12
4.687677405481743E-12
4.670507226072142E-12
4.653152941385402E-12
4.636123173488796E-12
4.618906789275436E-12
4.602013293952174E-12
4.584930715022808E-12
4.56816950776189E-12
4.551216769454952E-12
4.534583980773918E-12
4.517757219100714E-12
4.501249072086714E-12
4.484544507000791E-12
4.468157305069235E-12
4.4515712317699075E-12
4.4353013527666E-12
4.418830137999943E-12
4.402674032273979E-12
4.386314113833154E-12
4.3702683048950795E-12
4.3540161932328054E-12
4.33807728018099E-12
4.32192956150523E-12
4.3060942227151574E-12
4.290047563199754E-12
4.274312561008518E-12
4.258363711892976E-12
4.242725898088771E-12
4.226871701508575E-12
4.2113280234866885E-12
4.195565418886312E-12
4.18011292627644E-12
4.1644389571797235E-12
4.149074808692271E-12
4.1334866294988165E-12
4.118208099554988E-12
4.102702981815815E-12
4.087507466277741E-12
4.072082803584555E-12
4.05696782349367E-12
4.041621133614317E-12
4.026584335199877E-12
4.0113132572565805E-12
3.996352405417155E-12
3.981154688477864E-12
3.966267648973719E-12
3.9511411257379E-12
3.936325827509121E-12
3.921268361088821E-12
3.90652272140743E-12
3.891532099399816E-12
3.876853871658779E-12
3.861927581638553E-12
3.847314011421142E-12
3.832448685219278E-12
3.8178955445704E-12
3.803085103349641E-12
3.788582583249519E-12
3.773806889117526E-12
3.759292605022734E-12
3.7446835949077516E-12
3.730436417922468E-12
3.715860230666771E-12
3.701589124922177E-12
3.687019208021273E-12
3.672761262397136E-12
3.6581967934238524E-12
3.643933921913164E-12
3.6293385812722565E-12
3.6150033331576832E-12
3.600228305197905E-12
3.5856149364285096E-12
3.5711009130156883E-12
3.556821061003057E-12
3.5426958604405383E-12
3.52869639912166E-12
3.5148077800438404E-12
3.501021006783364E-12
3.4873301345611407E-12
3.473730997574943E-12
3.460220551008781E-12
3.4467964953926987E-12
3.4334570461564444E-12
3.420200784339033E-12
3.407026555687641E-12
3.3939334001429E-12
3.380920501235259E-12
3.367987149000819E-12
3.355132712356626E-12
3.342356618265648E-12
3.3296583358815614E-12
3.3170373644130743E-12
3.304493223809249E-12
3.2920254476113377E-12
3.2796335774852975E-12
3.2673171590686337E-12
3.2550757388509744E-12
3.2429088618707366E-12
3.2308160700578248E-12
3.2187969010873134E-12
3.2068508876372335E-12
3.194977556964375E-12
3.1831764307292094E-12
3.171447025014083E-12
3.159788850489838E-12
3.148201412694416E-12
3.136684212393914E-12
3.125236746002588E-12
3.1138585060425275E-12
3.1025489816278143E-12
3.091307658961018E-12
3.0801340218323066E-12
3.069027552113766E-12
3.057987730243085E-12
3.0470140356921667E-12
3.0361059474175504E-12
3.0252629442901145E-12
3.0144845055027585E-12
3.0037701109548875E-12
2.9931192416134287E-12
2.982531379850064E-12
2.972006009755219E-12
2.9615426174290047E-12
2.9511406912498434E-12
2.9407997221216518E-12
2.930519203700283E-12
2.9202986326002437E-12
2.9101375085827312E-12
2.9000353347258264E-12
2.8899916175779737E-12
2.880005867295661E-12
2.870077597766304E-12
2.8602063267172676E-12
2.8503915758119695E-12
2.8406328707338195E-12
2.8309297412590853E-12
2.8212817213191723E-12
2.8116883490533426E-12
2.8021491668524237E-12
2.7926637213943125E-12
2.7832315636717907E-12
2.773852249013355E-12
2.764525337097575E-12
2.7552503919615212E-12
2.7460269820037593E-12
2.7368546799823345E-12
2.7277330630083003E-12
2.7186617125350003E-12
2.709640214343621E-12
2.7006681585253376E-12
2.6917451394603358E-12
2.6828707557940188E-12
2.6740446104106735E-12
2.6652663104049186E-12
2.656535467051061E-12
2.647851695770627E-12
2.639214616098331E-12
2.630623851646551E-12
2.6220790300685604E-12
2.6135797830206976E-12
2.6051257461235204E-12
2.59671655892219E-12
2.588351864846086E-12
2.5800313111679264E-12
2.571754548962321E-12
2.5635212330639983E-12
2.5553310220256774E-12
2.5471835780757807E-12
2.5390785670759313E-12
2.5310156584784116E-12
2.5229945252836015E-12
2.5150148439974235E-12
2.5070762945888814E-12
2.499178560447733E-12
2.491321328342367E-12
2.4835042883777866E-12
2.4757271339539227E-12
2.467989561724238E-12
2.4602912715545045E-12
2.452631966482043E-12
2.4450113526752207E-12
2.437429139393312E-12
2.4298850389468045E-12
2.4223787666580355E-12
2.4149100408222262E-12
2.407478582669017E-12
2.4000841163243354E-12
2.39272636877275E-12
2.385405069820268E-12
2.3781199520575624E-12
2.3708707508236627E-12
2.363657204170093E-12
2.3564790528254813E-12
2.3493360401606275E-12
2.3422279121540137E-12
2.3351544173578095E-12
2.3281153068643095E-12
2.321110334272827E-12
2.314139255657079E-12
2.307201829533014E-12
2.3002978168270575E-12
2.2934269808448717E-12
2.286589087240487E-12
2.2797839039859867E-12
2.273011201341499E-12
2.2662707518257187E-12
2.2595623301868573E-12
2.2528857133739467E-12
2.2462406805086593E-12
2.2396270128574916E-12
2.2330444938043672E-12
2.226492908823652E-12
2.219972045453582E-12
2.2134816932700668E-12
2.207021643860929E-12
2.2005916908004617E-12
2.194191629624442E-12
2.1878212578054715E-12
2.181480374728704E-12
2.175168781667929E-12
2.16888628176205E-12
2.1626326799918726E-12
2.156407783157266E-12
2.1502113998546727E-12
2.1440433404549357E-12
2.137903417081497E-12
2.13179144358888E-12
2.125707235541524E-12
2.119650610192936E-12
2.1136213864651393E-12
2.107619384928455E-12
2.1016444277815516E-12
2.0956963388318326E-12
2.089774943476092E-12
2.0838800686814604E-12
2.07801154296664E-12
2.0721691963834306E-12
2.066352860498501E-12
2.0605623683754562E-12
2.0547975545571503E-12
2.049058255048289E-12
2.0433443072982643E-12
2.0376555501842216E-12
2.031991823994452E-12
2.0263529704119287E-12
2.020738832498168E-12
2.0151492546772604E-12
2.0095840827202022E-12
2.0040431637293655E-12
1.9985263461232996E-12
1.993033479621652E-12
1.987564415230371E-12
1.9821190052271024E-12
1.976697103146786E-12
1.9712985637674817E-12
1.9659232430963535E-12
1.96057099835592E-12
1.9552416879704212E-12
1.949935171552461E-12
1.944651309889766E-12
1.939389964932175E-12
1.934150999778792E-12
1.928934278665331E-12
1.9237396669516254E-12
1.9185670311093212E-12
1.9134162387097427E-12
1.9082871584119063E-12
