0.0
2.0223577754364466E-12
1.131476338424672E-11
1.4787308680963403E-11
2.0616260893515834E-11
2.3555058531929557E-11
2.779877105421267E-11
3.057350187426676E-11
3.406013332168333E-11
3.665669743398735E-11
3.9638306478356166E-11
4.2041951766864754E-11
4.4632749396761707E-11
4.6840506552993095E-11
4.9110601313656965E-11
5.1123878586653535E-11
5.312172098816973E-11
5.494500187651113E-11
5.671002728983556E-11
5.835130203956658E-11
5.99108429089357E-11
6.137806143847303E-11
6.275681449809953E-11
6.40600929486183E-11
6.527619523171389E-11
6.642745451444916E-11
6.749443927090384E-11
6.850314345622766E-11
6.94346246582068E-11
7.031107934509785E-11
7.111639654539118E-11
7.186985760729659E-11
7.255759509388616E-11
7.319704481858103E-11
7.377514696744377E-11
7.430818610319806E-11
7.478323574877152E-11
7.521620057579963E-11
7.559339768132204E-11
7.593266307658481E-11
7.62172980371339E-11
7.646714664086666E-11
7.666251170568761E-11
7.682704984410893E-11
7.693624802322162E-11
7.701714348228084E-11
7.704086787720855E-11
7.703864822316814E-11
7.697655300024714E-11
7.689097270004747E-11
7.674070461206606E-11
7.657793364979584E-11
7.640733279784281E-11
7.623392425086538E-11
7.604715443426532E-11
7.58565873956893E-11
7.564910628400358E-11
7.543777653566027E-11
7.520911966679114E-11
7.497731376048569E-11
7.472648251335915E-11
7.447396823345224E-11
7.420256212698508E-11
7.393051658400851E-11
7.363898781704066E-11
7.334840345231249E-11
7.303865179962122E-11
7.273074729560579E-11
7.240420574488693E-11
7.208123479145807E-11
7.17393439321398E-11
7.140230202866184E-11
7.104667187193089E-11
7.069668283770056E-11
7.032929715741602E-11
6.996875059100079E-11
6.95904589440647E-11
6.922012387728745E-11
6.883164319336254E-11
6.845172783712426E-11
6.805476939368663E-11
6.766817679212743E-11
6.726408773442687E-11
6.687018902594732E-11
6.645982240935073E-11
6.606019835554929E-11
6.564502669261301E-11
6.52419538570748E-11
6.482185048166344E-11
6.44139463222882E-11
6.399135400125847E-11
6.358133058291399E-11
6.315490981469721E-11
6.274208564893621E-11
6.231457256370066E-11
6.19001494919893E-11
6.147157042008584E-11
6.10573848329262E-11
6.062735247904304E-11
6.021200257719356E-11
5.978273791381129E-11
5.936743345899372E-11
5.893825118916151E-11
5.852391117608066E-11
5.8096677304480537E-11
5.7684183864549685E-11
5.7257808570295155E-11
5.6846587005691846E-11
5.642184129131153E-11
5.601247244994003E-11
5.55908447229657E-11
5.51837215448408E-11
5.476433043713937E-11
5.4360893686005845E-11
5.3943892440383896E-11
5.354189635248644E-11
5.312879870014675E-11
5.273111261645046E-11
5.232169915362739E-11
5.19274583903115E-11
5.152207841837624E-11
5.1131831703690896E-11
5.0729447647539466E-11
5.0342189391812335E-11
4.99447145087103E-11
4.956207601378292E-11
4.916883736507033E-11
4.879081064331653E-11
4.8401870216741065E-11
4.802804230827931E-11
4.7644220079797664E-11
4.727607528364021E-11
4.689600716595285E-11
4.65301774518823E-11
4.6155230934054246E-11
4.579537470168567E-11
4.5426140321371184E-11
4.5071117034083077E-11
4.4706558534480294E-11
4.43565573577438E-11
4.39965210761553E-11
4.36501557749606E-11
4.3297120593823604E-11
4.2958335483185885E-11
4.2607907897853776E-11
4.227142614938857E-11
4.192802024042188E-11
4.159812214555612E-11
4.125900583875531E-11
4.0933694216603655E-11
4.060005470445206E-11
4.027984330272628E-11
3.9951918184054585E-11
3.963817275791867E-11
3.931436278228184E-11
3.9003018038486334E-11
3.868474794014399E-11
3.837934639717942E-11
3.806767324870423E-11
3.776981376461584E-11
3.7462238387164275E-11
3.7166198258804007E-11
3.6863855629966665E-11
3.6573998714843925E-11
3.627668073961198E-11
3.5990103995164003E-11
3.569770882716547E-11
3.541946712693134E-11
3.5134887741863527E-11
3.4860228469538365E-11
3.457651306600928E-11
3.430502518960229E-11
3.402868243803141E-11
3.3764293681016213E-11
3.3491864884908005E-11
3.3231146561950054E-11
3.2965610359668027E-11
3.270868668766452E-11
3.244565633554705E-11
3.219496855933347E-11
3.193758348590032E-11
3.1690313584032354E-11
3.143858396776345E-11
3.119747961985061E-11
3.094963820024322E-11
3.071132199831282E-11
3.0467088869333606E-11
3.023504676334952E-11
2.9995732785645546E-11
2.976546275954309E-11
2.953349722800796E-11
2.931069975355866E-11
2.9079465592728384E-11
2.8857921376272763E-11
2.863314395541703E-11
2.8417603087465567E-11
2.819630816503994E-11
2.7984667249108177E-11
2.7767440345884743E-11
2.7559629527516627E-11
2.7348908519714223E-11
2.714622979687227E-11
2.6936301059880028E-11
2.6735467668491828E-11
2.6530083327813416E-11
2.6334239602470565E-11
2.6134681228286716E-11
2.5942495720899306E-11
2.5745946019411707E-11
2.5558472132998006E-11
2.5365778137305485E-11
2.5180274093010738E-11
2.4989500838268993E-11
2.480784264163611E-11
2.4623467004909032E-11
2.4445205063333347E-11
2.4265338089549346E-11
2.4093434223875954E-11
2.3913315461484053E-11
2.3742310635547676E-11
2.3570365751364782E-11
2.3403379398094386E-11
2.3229220505937925E-11
2.3065585725197294E-11
2.2900438687857636E-11
2.2739609863335528E-11
2.2574074519924402E-11
2.241697929078185E-11
2.2255288330519504E-11
2.2100604546956445E-11
2.1942436638589354E-11
2.179125426605799E-11
2.1639495424950774E-11
2.149031077866148E-11
2.1337632279688813E-11
2.1194767178721928E-11
2.104490664021663E-11
2.0901649309794435E-11
2.0756799680802494E-11
2.0616349777639756E-11
2.0476760324965656E-11
2.0342555355309958E-11
2.0198969688765005E-11
2.0063697721424077E-11
1.9926599898425198E-11
1.9795213287424963E-11
1.9661342890625956E-11
1.9533147139129537E-11
1.9402870484799766E-11
1.9275925834334442E-11
1.91469509663478E-11
1.9023591555693103E-11
1.8897381818811084E-11
1.87759297873141E-11
1.865112870297403E-11
1.8532372403861627E-11
1.8411540781416633E-11
1.8295836944297817E-11
1.8177189262208536E-11
1.8062847061768684E-11
1.794594081489864E-11
1.783472105727107E-11
1.7718608704698282E-11
1.7609001274430312E-11
1.7497891381615606E-11
1.7391788738249952E-11
1.7282620625131047E-11
1.717661138897925E-11
1.7066763740386966E-11
1.6962103235368024E-11
1.685901049961179E-11
1.6758800187146516E-11
1.66556174767936E-11
1.655641092773857E-11
1.6453091228939505E-11
1.6356602159663205E-11
1.6257296059906026E-11
1.616096729321077E-11
1.6065678858296603E-11
1.5972667729619137E-11
1.58759641980602E-11
1.5784740967880525E-11
1.5690711579469946E-11
1.5601910857810882E-11
1.55096422245701E-11
1.5419034878431213E-11
1.532606591420979E-11
1.5240695312763847E-11
1.5156800562991455E-11
1.5071836048539077E-11
1.4981150688840983E-11
1.4897063772704374E-11
1.481657636761789E-11
1.4737806053954906E-11
1.4647894308043632E-11
1.4564490625825878E-11
1.4488255713868655E-11
1.4412453958888262E-11
1.4326700678161886E-11
1.4247197514063643E-11
1.4173907922617445E-11
1.409919151070741E-11
1.4015834245938113E-11
1.3938734761511768E-11
1.3867479224547152E-11
1.3797925372739689E-11
1.371969524579554E-11
1.3644911073893269E-11
1.3573190128454056E-11
1.350638417671358E-11
1.3433199006787654E-11
1.3361511202468302E-11
1.3290487136271264E-11
1.3224483144326814E-11
1.3155619420048809E-11
1.3086729196714011E-11
1.3017337583804757E-11
1.295158241082026E-11
1.2887658223327126E-11
1.2824984649760165E-11
1.2756138461502354E-11
1.269129926352243E-11
1.2627610249975523E-11
1.2568274707494172E-11
1.2505239387182299E-11
1.244161014316543E-11
1.2376339514817018E-11
1.2315802553730305E-11
1.22574868420028E-11
1.2199762143152328E-11
1.2137283874557502E-11
1.2077714412838994E-11
1.2017894771654356E-11
1.1960969596371809E-11
1.1904158198824733E-11
1.1848444189756152E-11
1.1789422941058913E-11
1.1733777383914215E-11
1.167673330148814E-11
1.1621377182187163E-11
1.1566879412254862E-11
1.1514308689124763E-11
1.1458251223869158E-11
1.140446403032254E-11
1.1349212873653342E-11
1.1297339634622375E-11
1.1245721950860533E-11
1.1195959158355503E-11
1.1141886358930466E-11
1.1089879831951553E-11
1.1038546184780268E-11
1.0987608355513383E-11
1.0935672726960632E-11
1.0887309922348036E-11
1.0839702416624964E-11
1.0793506963482413E-11
1.0741595856144477E-11
1.0691271836315652E-11
1.0643348294504812E-11
1.0597115661479714E-11
1.054832114231999E-11
1.0500916148821138E-11
1.0453841671388601E-11
1.0409228600870407E-11
1.0365564718515728E-11
1.0321700886257786E-11
1.027274566156612E-11
1.022663753288174E-11
1.0181582728441442E-11
1.0138398973024574E-11
1.0093784221176284E-11
1.0050446755585243E-11
1.000652715256095E-11
9.965829763042165E-12
9.922233747759155E-12
9.87838831886072E-12
9.833659381533229E-12
9.791148531548043E-12
9.749286831286564E-12
9.708417672915398E-12
9.666643711366287E-12
9.626089691633068E-12
9.585253305736274E-12
9.545749420849041E-12
9.505345006185732E-12
9.467730635067239E-12
9.426781892530779E-12
9.386209641338836E-12
9.34599065595804E-12
9.306632356672539E-12
9.266568951614885E-12
9.228096962812813E-12
9.190366835766604E-12
9.15368205559135E-12
9.114790990418112E-12
9.077081085019695E-12
9.039495732124894E-12
9.003424243396307E-12
8.967988425084584E-12
8.932825625352248E-12
8.893811532274829E-12
8.856602237329461E-12
8.819325108870969E-12
8.783649599030164E-12
8.747669040025621E-12
8.712247464953546E-12
8.676103674851288E-12
8.641270269871735E-12
8.606241610358397E-12
8.572367529661592E-12
8.538233522795532E-12
8.504543750251568E-12
8.469889561376196E-12
8.43672042478067E-12
8.403786598656371E-12
8.372851050625187E-12
8.338380404834746E-12
8.303815594685842E-12
8.269561264690837E-12
8.236680127910704E-12
8.20390710987722E-12
8.171737063954069E-12
8.13859198599884E-12
8.106546667772913E-12
8.074485040308206E-12
8.043357776593264E-12
8.011831006213188E-12
7.980761162351638E-12
7.94905688274097E-12
7.91840714868785E-12
7.887557875059103E-12
7.857649224793714E-12
7.827495448973067E-12
7.797712637155461E-12
7.767127229782296E-12
7.737690440282434E-12
7.7081125132796E-12
7.679487747297444E-12
7.651126441949867E-12
7.622825830069766E-12
7.591685469412944E-12
7.562154285143995E-12
7.5325680815706E-12
7.503807911913064E-12
7.474780810737869E-12
7.446479151483494E-12
7.417861377514751E-12
7.38992035647333E-12
7.361671958466748E-12
7.334166747848234E-12
7.306477722844178E-12
7.27927197032764E-12
7.251469387784474E-12
7.224442021952442E-12
7.197193970769605E-12
7.1705390997128526E-12
7.143652215926427E-12
7.117439076099338E-12
7.090841182495493E-12
7.064676895598928E-12
7.03809546247516E-12
7.012216077466007E-12
6.986085231562529E-12
6.960564585720831E-12
6.935051278226964E-12
6.909945506366666E-12
6.884024611480784E-12
6.858828754618899E-12
6.833619391645149E-12
6.80895293601695E-12
6.784050350667924E-12
6.759944485631759E-12
6.735916661461971E-12
6.712562344588392E-12
6.6873833899044925E-12
6.663190308146601E-12
6.637977058348047E-12
6.6137149828857795E-12
6.5884571810292076E-12
6.564258768995458E-12
6.539355104634823E-12
6.514974277412772E-12
6.488032273598885E-12
6.462586775080718E-12
6.436268721632465E-12
6.410976055779775E-12
6.384658348523717E-12
6.359320515132582E-12
6.3329098640575575E-12
6.3074736215545044E-12
6.280935055343928E-12
6.2553760217108925E-12
6.228690766699557E-12
6.202994456725905E-12
6.176150051440582E-12
6.150306043856705E-12
6.123292440033249E-12
6.097291392111849E-12
6.070098315105322E-12
6.04392929232598E-12
6.016543219578273E-12
5.990189974465214E-12
5.962589241788236E-12
5.936023409079248E-12
5.908168192135321E-12
5.88133347713302E-12
5.85313812184202E-12
5.8258909212154165E-12
5.797164641919279E-12
5.769264714712509E-12
5.739817230320131E-12
5.7108125574811824E-12
5.681984122397831E-12
5.653869337408002E-12
5.626180165086662E-12
5.598814074482789E-12
5.5717195418433955E-12
5.544866430055751E-12
5.518235618017334E-12
5.491814365105553E-12
5.465593909306192E-12
5.43956809265517E-12
5.413732516609236E-12
5.388083994972362E-12
5.362620185232965E-12
5.337339332619173E-12
5.312240088454697E-12
5.287321379219764E-12
5.262582311207989E-12
5.238022100751275E-12
5.213640023147484E-12
5.189435375463612E-12
5.165407449741143E-12
5.141555514056105E-12
5.117878799534469E-12
5.094376491888316E-12
5.071047726378259E-12
5.0478915853597335E-12
5.0249070977619794E-12
5.002093239994083E-12
4.979448937884814E-12
4.956973069350909E-12
4.934664467556496E-12
4.912521924380919E-12
4.89054419405405E-12
4.868729996852186E-12
4.8470780227742505E-12
4.8255869351384285E-12
4.804255374056671E-12
4.783081959756601E-12
4.762065295731357E-12
4.741203971704893E-12
4.720496566407015E-12
4.6999416501567895E-12
4.6795377872562075E-12
4.659283538198988E-12
4.639177461700766E-12
4.619218116558609E-12
4.599404063348386E-12
4.579733865968851E-12
4.560206093041983E-12
4.540819319178676E-12
4.521572126118954E-12
