0.0
3.393616206320209E-12
1.6445953166917324E-11
2.1401220176823037E-11
2.9632332356354824E-11
3.391610622638648E-11
3.998187002071301E-11
4.402928375908788E-11
4.90319942133581E-11
5.280403693237584E-11
5.7082036830088576E-11
6.055624586196953E-11
6.426517222040998E-11
6.743766067686629E-11
7.067575804019054E-11
7.355180263609682E-11
7.638959549364697E-11
7.897748568990287E-11
8.14704327603401E-11
8.378394399166491E-11
8.597504751229891E-11
8.802969310988199E-11
8.995258318175286E-11
9.176448597083187E-11
9.344741768743675E-11
9.503439874184438E-11
9.649940611637539E-11
9.787772847563884E-11
9.914322170497476E-11
1.0032875647715276E-10
1.0141124180699402E-10
1.0241905494551745E-10
1.0333205534235889E-10
1.0417547083426208E-10
1.049314163661406E-10
1.0562331162078037E-10
1.0623294210886759E-10
1.0678416644148235E-10
1.072568942374543E-10
1.0767709465055358E-10
1.0802116439347372E-10
1.0831861571784788E-10
1.0854100388818285E-10
1.0872255359912165E-10
1.088282397610044E-10
1.0889817160331885E-10
1.0889119922761362E-10
1.088521732799026E-10
1.0873331716789353E-10
1.0858585881508183E-10
1.0835190035149762E-10
1.0810120425524523E-10
1.078337626423449E-10
1.0755966468953334E-10
1.0726084507885218E-10
1.0695469064100189E-10
1.0662106425547537E-10
1.0628085262421976E-10
1.0591214610848303E-10
1.0553859160704823E-10
1.0513511712218244E-10
1.0472906454922014E-10
1.0429424002760828E-10
1.038589140617606E-10
1.0339413213088457E-10
1.0293109732919282E-10
1.0243953191619169E-10
1.0195202448557797E-10
1.0143631145944524E-10
1.0092612911934995E-10
1.0038885151123759E-10
9.985932144093126E-11
9.930220031193141E-11
9.875488664446303E-11
9.818125669670864E-11
9.761851164125447E-11
9.70301148501684E-11
9.645422167581412E-11
9.585238947021034E-11
9.526452449867717E-11
9.465191339860717E-11
9.405411917259517E-11
9.343228458540987E-11
9.282670740234006E-11
9.21976127788227E-11
9.158556486943759E-11
9.094966269515071E-11
9.033169735545087E-11
8.969166504724419E-11
8.907035282895178E-11
8.84267310617632E-11
8.780217303487718E-11
8.71557609296242E-11
8.652967554710705E-11
8.58825734936991E-11
8.525561171610975E-11
8.460828192285005E-11
8.3981857675256E-11
8.333507482678333E-11
8.27097158513102E-11
8.206455252763208E-11
8.144080258807777E-11
8.07981303871726E-11
8.01772275900545E-11
7.953718653839672E-11
7.891940450145511E-11
7.828335146804906E-11
7.766919540823892E-11
7.703757966656753E-11
7.642805692341186E-11
7.580058345418012E-11
7.519581868177708E-11
7.457441060402887E-11
7.39751913183259E-11
7.335868501498154E-11
7.276476508615407E-11
7.215478148751166E-11
7.156676805996515E-11
7.09638847965889E-11
7.038294036025159E-11
6.978523693433612E-11
6.921006712994802E-11
6.862080933892224E-11
6.805288213585387E-11
6.747071184497045E-11
6.691018456011645E-11
6.63344867968188E-11
6.578099454212339E-11
6.521408039303053E-11
6.46683838167124E-11
6.410870520665662E-11
6.357043015417732E-11
6.301868585976904E-11
6.248807678371399E-11
6.194417841261537E-11
6.142156086149041E-11
6.088612363541695E-11
6.037053807732189E-11
5.984324838891268E-11
5.933655200282084E-11
5.881763001814099E-11
5.831861613262461E-11
5.780761606622243E-11
5.731689980302453E-11
5.681503645038511E-11
5.633155850402012E-11
5.5836963803502085E-11
5.5362791528106624E-11
5.487740510448809E-11
5.4409929916168606E-11
5.393200794128529E-11
5.34733420661868E-11
5.3004832589468255E-11
5.255436763525844E-11
5.2093714004279435E-11
5.165127619295954E-11
5.119869118024731E-11
5.0763148529221466E-11
5.031838320923619E-11
4.9891480529957063E-11
4.9455196690042515E-11
4.903601489729691E-11
4.860794656826551E-11
4.819654102218569E-11
4.7775283034057165E-11
4.73715247623931E-11
4.695968497489403E-11
4.656354869551107E-11
4.615811710240842E-11
4.576937417079422E-11
4.5371853264833535E-11
4.4989208455341795E-11
4.460001018084722E-11
4.422707544364394E-11
4.384528586673636E-11
4.3478631623127214E-11
4.310391000251244E-11
4.274424062887948E-11
4.237595933986447E-11
4.2022896619095644E-11
4.166351980011363E-11
4.1317881653472565E-11
4.096518999726055E-11
4.0626714390161265E-11
4.028064218045342E-11
3.9947745139549485E-11
3.9608962142184794E-11
3.928343180598659E-11
3.895129187526007E-11
3.8632097377694334E-11
3.8305398735265965E-11
3.7992642966186475E-11
3.767440003194868E-11
3.736809414515013E-11
3.7055632922543846E-11
3.6756116757258045E-11
3.6450452295284916E-11
3.6156656407239675E-11
3.585665371324085E-11
3.556872677482101E-11
3.5273946034106836E-11
3.499141710154456E-11
3.470449369607227E-11
3.442863402663539E-11
3.4145797573357324E-11
3.3874673971079406E-11
3.359924250438296E-11
3.3333862389372826E-11
3.306340724564202E-11
3.2803211810386214E-11
3.253794773957312E-11
3.228391965876165E-11
3.202539058488776E-11
3.1776422205925904E-11
3.152215627904267E-11
3.127850706736847E-11
3.102941334815829E-11
3.0790820124366676E-11
3.054735418366798E-11
3.0313322814148694E-11
3.0075488379180925E-11
2.9846770380352466E-11
2.961308925994828E-11
2.938987856218596E-11
2.9160000299976926E-11
2.893868326162411E-11
2.8714747740749364E-11
2.8499725868291623E-11
2.8282318413627295E-11
2.8073968295117492E-11
2.78574816938647E-11
2.764897139563045E-11
2.743911674059726E-11
2.723834018118515E-11
2.7032788218976706E-11
2.6834243035961806E-11
2.6631542295490894E-11
2.6437853179433708E-11
2.6242288031647068E-11
2.6053793139518536E-11
2.5858502104801677E-11
2.5671392803731628E-11
2.54813370385408E-11
2.5297646878388635E-11
2.5114388718143475E-11
2.4939028497664434E-11
2.475843852366836E-11
2.458500797242288E-11
2.4407330193349758E-11
2.423635876102769E-11
2.4058635157950916E-11
2.3889474202614687E-11
2.372247697312942E-11
2.3560953656782833E-11
2.3392132595069974E-11
2.323009597448697E-11
2.3067372706235064E-11
2.2911496219507784E-11
2.275162114228163E-11
2.259767872827012E-11
2.2441059112311042E-11
2.2288890739951803E-11
2.2135966646522698E-11
2.1990204313543846E-11
2.183880749988354E-11
2.1693987931779067E-11
2.1546807675745634E-11
2.1403977723158806E-11
2.126018770927915E-11
2.1121808109055463E-11
2.098130570199199E-11
2.0847100268289153E-11
2.0706627755159082E-11
2.0572662533129225E-11
2.0437918676620186E-11
2.030782583916557E-11
2.0173295898149415E-11
2.0044607665145517E-11
1.9914726322929847E-11
1.9790074778641474E-11
1.9663942105933435E-11
1.9541635868460562E-11
1.941618637640964E-11
1.9295921630383296E-11
1.917340684678022E-11
1.90558985416638E-11
1.8935541032232707E-11
1.881982560459109E-11
1.8701327395579115E-11
1.8587981514139565E-11
1.8472215573426537E-11
1.8360806077747793E-11
1.8247745238009165E-11
1.8137097505971575E-11
1.8027514854633303E-11
1.7921868072047525E-11
1.7813543372725982E-11
1.770831753312685E-11
1.7601289482453968E-11
1.7500794742526342E-11
1.7395540562821654E-11
1.72942817558569E-11
1.7189855895255504E-11
1.7089308779611052E-11
1.699176391887763E-11
1.689538270077105E-11
1.6794929429993404E-11
1.670087793223698E-11
1.6603176193320556E-11
1.6508555181683506E-11
1.641533608301093E-11
1.632407918576337E-11
1.6230506131881958E-11
1.6142055044885068E-11
1.6048939046182712E-11
1.5958769923831833E-11
1.586918176135238E-11
1.578392873080182E-11
1.5697219093877353E-11
1.5611792887040364E-11
1.5524439434371373E-11
1.5440470217182558E-11
1.5355768602102243E-11
1.5274179774245342E-11
1.5191551172778577E-11
1.511149188309292E-11
1.5028450575350024E-11
1.4948815978332294E-11
1.486976817094122E-11
1.479313067869106E-11
1.4712695020613165E-11
1.4636120609582458E-11
1.456110371857223E-11
1.4486674379257252E-11
1.4406942114279146E-11
1.4332709589645323E-11
1.4260460358740808E-11
1.4190219146553464E-11
1.4114483991394285E-11
1.4041517817657646E-11
1.3970028756160122E-11
1.3902070423658997E-11
1.383010292778273E-11
1.3759181656705698E-11
1.3689612219080025E-11
1.3622304811513108E-11
1.3555111053858298E-11
1.3489253569207226E-11
1.341977061215312E-11
1.3353641282520426E-11
1.3286712638770596E-11
1.3222452476513004E-11
1.31589891162085E-11
1.3096294807891698E-11
1.30305267489002E-11
1.2967977328596009E-11
1.2904711568679003E-11
1.2843548234059515E-11
1.278247546556038E-11
1.2722393467249723E-11
1.2659499279656906E-11
1.2599985563793028E-11
1.2540159549551298E-11
1.2481941496967779E-11
1.242312104630067E-11
1.2365417390806714E-11
1.230546814483742E-11
1.2248446780942104E-11
1.2190335813863218E-11
1.2134146147789384E-11
1.2077799447476073E-11
1.2022794842424973E-11
1.196822624518622E-11
1.1914941137780825E-11
1.1858937229946259E-11
1.1805214919198873E-11
1.1750326028396664E-11
1.1697056113249216E-11
1.164302937947918E-11
1.1591145871159722E-11
1.1540445456445553E-11
1.1490490823456678E-11
1.1437725894798959E-11
1.1386626153658316E-11
1.1333723136755934E-11
1.1283280568122127E-11
1.1233266120421288E-11
1.1184239919234409E-11
1.1135308298935348E-11
1.1089238089148838E-11
1.1039554121992593E-11
1.0989973698374105E-11
1.0940771731080065E-11
1.0893015976854165E-11
1.0845066690262626E-11
1.0798455248018958E-11
1.075082034708547E-11
1.0704941479774866E-11
1.0659730720546347E-11
1.0615303064027404E-11
1.0570195933584974E-11
1.0525923316834594E-11
1.0479323883216576E-11
1.0434657777236714E-11
1.038896013457692E-11
1.0344834251004952E-11
1.030090688452771E-11
1.0257820504547567E-11
1.021416265889081E-11
1.0171798434460788E-11
1.0129112506918168E-11
1.0087471115908425E-11
1.004569853496151E-11
1.0006046952580827E-11
9.963451522268273E-12
9.921249306115699E-12
9.87946186865305E-12
9.83853982589268E-12
9.797448726036474E-12
9.757535846034565E-12
9.71661881615978E-12
9.67680462553619E-12
9.637154016643427E-12
9.598327910224562E-12
9.558761076530746E-12
9.520298975330264E-12
9.48173891899435E-12
9.44414713242423E-12
9.406484504808631E-12
9.370526229456951E-12
9.331861642675647E-12
9.293596633927896E-12
9.255848691592575E-12
9.218696363353492E-12
9.180993857295038E-12
9.14441431654041E-12
9.107188559305933E-12
9.070916458418047E-12
9.034638199897949E-12
8.999202170328732E-12
8.96341706298419E-12
8.928255790391497E-12
8.89271849776609E-12
8.858099334936812E-12
8.823293391082033E-12
8.789419152474125E-12
8.75485145204117E-12
8.721126554482548E-12
8.686843595362339E-12
8.653458101166428E-12
8.619561509076474E-12
8.586694160063406E-12
8.553700081880758E-12
8.521038130137539E-12
8.48580566770219E-12
8.452147063829328E-12
8.418098490394767E-12
8.38501376243353E-12
8.351348838311887E-12
8.318581009495452E-12
8.28517583602588E-12
8.252651311553726E-12
8.219455134800983E-12
8.187135964280237E-12
8.15411760831938E-12
8.12197749237563E-12
8.08911301745958E-12
8.057130245592795E-12
8.024398496703127E-12
7.992552840230016E-12
7.959932998572882E-12
7.928203483686519E-12
7.895672694200312E-12
7.864034660936937E-12
7.83156385560472E-12
7.799982249456703E-12
7.767523862449086E-12
7.73592645239305E-12
7.70333490943428E-12
7.671573558717538E-12
7.639276557650892E-12
7.607806320341509E-12
7.575724736826624E-12
7.544429482451339E-12
7.512490062938088E-12
7.48132811153627E-12
7.449502263222974E-12
7.418452330542476E-12
7.386722920660015E-12
7.355770959528335E-12
7.324125787018058E-12
7.2932613243814E-12
7.261690886271365E-12
7.230905570203796E-12
7.199402059811579E-12
7.168688926372473E-12
7.137245659386612E-12
7.106598648870841E-12
7.07520962472213E-12
7.044623162665301E-12
7.013282662318539E-12
6.982751314338873E-12
6.951453752690116E-12
6.920972690653227E-12
6.889714989932898E-12
6.859289098536638E-12
6.8281129501444005E-12
6.797659031949169E-12
6.766137963046501E-12
6.735501814005827E-12
6.704060296569257E-12
6.6733569595190786E-12
6.641696010399201E-12
6.610491099611635E-12
6.578427502401857E-12
6.546995028246499E-12
6.5161433814261865E-12
6.48567558863073E-12
6.455516379770532E-12
6.425626941842177E-12
6.395984205131901E-12
6.3665732885781866E-12
6.337384068692335E-12
6.308409391412424E-12
6.2796440472702285E-12
6.251084141899016E-12
6.222726688741451E-12
6.1945693349065246E-12
6.1666101710364456E-12
6.138847596460948E-12
6.1112802220206105E-12
6.083906799297388E-12
6.056726168790922E-12
6.029737221943035E-12
6.002938873431557E-12
5.97633004116263E-12
5.9499096320781415E-12
5.923676532375052E-12
5.89762960107758E-12
5.871767666153811E-12
5.84608952255501E-12
5.820593931696054E-12
5.795279622003106E-12
5.770145290237298E-12
5.745189603367748E-12
5.720411200817859E-12
5.695808696948207E-12
5.67138068367142E-12
5.6471257331185745E-12
5.623042400296763E-12
5.599129225692862E-12
5.575384737790832E-12
5.551807455479664E-12
5.528395890336333E-12
5.50514854877452E-12
5.48206393405394E-12
5.459140548148878E-12
5.436376893477189E-12
5.413771474492716E-12
5.391322799145796E-12
5.369029380217359E-12
5.346889736532777E-12
5.324902394062047E-12
5.303065886913033E-12
5.2813787582247234E-12
5.259839560966994E-12
5.23844685865366E-12
5.217199225975037E-12
