0.0
1.908597779366449E-12
1.1194705032147655E-11
1.4658188080566634E-11
2.0469949168714838E-11
2.3387655249722915E-11
2.761006073116635E-11
3.036201716499208E-11
3.382610812098002E-11
3.639931612353555E-11
3.935775858632743E-11
4.1737969167633334E-11
4.430541624077753E-11
4.6490005086249646E-11
4.8736953108605735E-11
5.07275668595342E-11
5.2702801294335307E-11
5.450426967233986E-11
5.6246005299362E-11
5.786485706771559E-11
5.940344395158516E-11
6.084956325899848E-11
6.220735024697566E-11
6.349110707665735E-11
6.468664013507E-11
6.58182605097594E-11
6.686595847244346E-11
6.785565537334914E-11
6.876858387555514E-11
6.96273904694462E-11
7.041434036484953E-11
7.115036203632247E-11
7.182109408445636E-11
7.244378730417986E-11
7.300550873526187E-11
7.352290995516148E-11
7.398263497925165E-11
7.440098620666486E-11
7.476397047073321E-11
7.508936286695253E-11
7.535947291423895E-11
7.559618310676228E-11
7.577878327555597E-11
7.593078754729005E-11
7.602791318629455E-11
7.609762622737193E-11
7.610962723410649E-11
7.60967686941402E-11
7.60236306559577E-11
7.592746717130122E-11
7.576719702623333E-11
7.559530806846254E-11
7.541503702000085E-11
7.523238153527994E-11
7.50367818221609E-11
7.483805930048801E-11
7.462283644825361E-11
7.440464590538101E-11
7.41683240931819E-11
7.392928301227532E-11
7.367203082599341E-11
7.341341783745793E-11
7.313526536220844E-11
7.285731042373084E-11
7.256002535516012E-11
7.226380066071811E-11
7.194898004290962E-11
7.163690633228808E-11
7.130554443453691E-11
7.097837477726478E-11
7.063260981997683E-11
7.02921458114165E-11
6.993292693787423E-11
6.957977281989299E-11
6.92085965523695E-11
6.884454738155192E-11
6.846319979886323E-11
6.809020823042469E-11
6.769962942298763E-11
6.73184247539089E-11
6.691956953905072E-11
6.653105928045184E-11
6.612555947294237E-11
6.573097332400485E-11
6.531932771347786E-11
6.49189128122777E-11
6.450244039505131E-11
6.409815449557508E-11
6.367764520510883E-11
6.327004826280733E-11
6.284703767385612E-11
6.243714232583054E-11
6.201174598598017E-11
6.159987096171067E-11
6.117241979790377E-11
6.075860486614882E-11
6.03304648492726E-11
5.991668112975171E-11
5.948851624431286E-11
5.90748637484615E-11
5.864599521583548E-11
5.82321770774921E-11
5.780447509978999E-11
5.7392028278392924E-11
5.696628610705057E-11
5.655488272422316E-11
5.61305317266611E-11
5.572206695640954E-11
5.529923007127517E-11
5.489224662091408E-11
5.447292473941177E-11
5.4068170625559026E-11
5.3651507904466005E-11
5.325022635185115E-11
5.283585949661234E-11
5.24374879703659E-11
5.202781690906896E-11
5.163327382701368E-11
5.122601906647453E-11
5.0834592253400824E-11
5.043195531352322E-11
5.004457657443941E-11
4.9645589574670345E-11
4.926179919525488E-11
4.8867732231585185E-11
4.848863091848296E-11
4.8098929222204975E-11
4.772498717608182E-11
4.733898420645743E-11
4.696785285445616E-11
4.658804090835822E-11
4.622384694723028E-11
4.584831578982771E-11
4.548676626867152E-11
4.5115317350902656E-11
4.475892930466542E-11
4.4392913540572957E-11
4.4041497369789156E-11
4.368141667254028E-11
4.3335866404491E-11
4.298065394216056E-11
4.263846003274426E-11
4.2288458188181546E-11
4.195272334824172E-11
4.160727200002122E-11
4.127672749244121E-11
4.093607690016357E-11
4.060904890048364E-11
4.0276477720919024E-11
3.995606637469195E-11
3.962501024704653E-11
3.930945012226975E-11
3.898613216840524E-11
3.8675109750694766E-11
3.8356598443535154E-11
3.80519838025418E-11
3.773818291768891E-11
3.7436457536955886E-11
3.7128075671662805E-11
3.6832539470038206E-11
3.652986097514796E-11
3.623961581320213E-11
3.5941187920176465E-11
3.5655022140158916E-11
3.5361232532920714E-11
3.5080369422644305E-11
3.4794566876862886E-11
3.451930758040813E-11
3.423690475077357E-11
3.396568523754746E-11
3.3687900082271996E-11
3.342291024523048E-11
3.314928759329818E-11
3.28873807431833E-11
3.262068737299286E-11
3.2365020234663735E-11
3.210350148811794E-11
3.185096537246208E-11
3.159256370772436E-11
3.134599889355391E-11
3.109307699095325E-11
3.084950493663158E-11
3.060162210513352E-11
3.0365748181829074E-11
3.011945931474693E-11
2.9883842516070254E-11
2.964859838775341E-11
2.9420741199798596E-11
2.918368131484562E-11
2.8959712501447173E-11
2.87301155247013E-11
2.850850171054178E-11
2.8283465536821084E-11
2.8067358330883476E-11
2.7846288851517748E-11
2.7634515849012007E-11
2.7417174630821866E-11
2.7209341589396136E-11
2.6995674665120457E-11
2.6791153726919426E-11
2.6582957241671238E-11
2.6383527851854522E-11
2.617960369214796E-11
2.5983297260838088E-11
2.578109009853297E-11
2.5589103653836913E-11
2.5395061596333486E-11
2.5207587711589472E-11
2.5014463681174553E-11
2.4830449231524358E-11
2.4641052053287358E-11
2.4459235143687974E-11
2.4274385063095578E-11
2.4098381412807517E-11
2.3917598391929383E-11
2.3742315578579786E-11
2.355944573616421E-11
2.3388398931355547E-11
2.3219454679589445E-11
2.3053795773274687E-11
2.287857309065805E-11
2.2711791944037624E-11
2.254781939576668E-11
2.239013535670017E-11
2.2223890189707694E-11
2.206487744766746E-11
2.1906078644865003E-11
2.1754037955545647E-11
2.159474860768875E-11
2.1442040994435554E-11
2.1287294290872783E-11
2.114054010337564E-11
2.0987691633197022E-11
2.0841513814894554E-11
2.0695729036889464E-11
2.0552926089060532E-11
2.0405813941867896E-11
2.0267038773890078E-11
2.012665036603201E-11
1.999199730565094E-11
1.9849370970586243E-11
1.9714209307681033E-11
1.9577462499735044E-11
1.94463469686704E-11
1.931268484317185E-11
1.918469942707462E-11
1.9054599109766994E-11
1.8927815795282216E-11
1.8798920827115103E-11
1.867561017284896E-11
1.8549648593825375E-11
1.8428645464239668E-11
1.830408485057119E-11
1.818525280336625E-11
1.8063950479831572E-11
1.7947854600779142E-11
1.7830212287730105E-11
1.7716716104160633E-11
1.7597748212773716E-11
1.748617547586802E-11
1.73742193453194E-11
1.7266701786135595E-11
1.715328879425187E-11
1.7044864994380404E-11
1.6933831651560305E-11
1.6827478841641923E-11
1.6721034138456936E-11
1.6617813684537734E-11
1.65153505014131E-11
1.6414405136940582E-11
1.6307111299480682E-11
1.621001530151288E-11
1.610820708335333E-11
1.6008488528197564E-11
1.5914317096806634E-11
1.5820989599747506E-11
1.5720662112426753E-11
1.5627210145544323E-11
1.5531375840521704E-11
1.5440139979018784E-11
1.5345465833213612E-11
1.5253698912422015E-11
1.516261204486471E-11
1.5075830094433295E-11
1.4984349135842618E-11
1.489550980334683E-11
1.4808174038097733E-11
1.47255178026886E-11
1.4640181126726773E-11
1.4557934719604038E-11
1.4469519488535886E-11
1.4386194017205433E-11
1.4305614423343237E-11
1.4225315289533605E-11
1.4139785445214522E-11
1.4060804131011786E-11
1.3983767590482295E-11
1.3906875987394729E-11
1.3824355386397153E-11
1.3747722897629097E-11
1.3673157105141913E-11
1.3599695435715948E-11
1.3519662911751689E-11
1.3445052572820457E-11
1.3375031637906212E-11
1.330523274299666E-11
1.3227383044550199E-11
1.315491325539833E-11
1.3084579301350008E-11
1.3016137967656681E-11
1.2943839784495733E-11
1.2874572919522813E-11
1.2805272535250183E-11
1.2740322748428746E-11
1.2671439556035689E-11
1.2603598429522722E-11
1.2534402726889604E-11
1.2469586697540613E-11
1.2406389329480814E-11
1.2343489996051689E-11
1.2276768814233188E-11
1.2212962187932527E-11
1.2148257877355584E-11
1.2089102663585887E-11
1.202583087674004E-11
1.1962756413551423E-11
1.1900942345665548E-11
1.1840822096599759E-11
1.1779508389738644E-11
1.1723452181365067E-11
1.1663259140836664E-11
1.1603190727492686E-11
1.1544381250737723E-11
1.1487137679908298E-11
1.1427748820896712E-11
1.1373184852084623E-11
1.1316640599114256E-11
1.126017317366896E-11
1.1202989428697362E-11
1.1148163237537603E-11
1.109249204443771E-11
1.1038804508568736E-11
1.0985276938036448E-11
1.0933275181543916E-11
1.087788494004827E-11
1.0824777580863711E-11
1.0771644167250547E-11
1.0720594972645816E-11
1.066819161482238E-11
1.061769200688785E-11
1.0567082737699238E-11
1.0517619308621631E-11
1.0465422872485016E-11
1.0415835230497157E-11
1.036596056459525E-11
1.0317427833424177E-11
1.0266731186459094E-11
1.0218935085829828E-11
1.0172327735410229E-11
1.0125480732553641E-11
1.0074439502459474E-11
1.0026774946962608E-11
9.979104371278309E-12
9.932328589283038E-12
9.885991313404548E-12
9.841502680205458E-12
9.794597479329087E-12
9.749562578893528E-12
9.706148081720768E-12
9.6627482271112E-12
9.614220148162925E-12
9.568828164905395E-12
9.524574213058248E-12
9.481239830929022E-12
9.436234172578702E-12
9.393204621211242E-12
9.350515978839587E-12
9.30872362244326E-12
9.266390277688478E-12
9.226495460812052E-12
9.18239031586665E-12
9.139089623482919E-12
9.096260821649759E-12
9.054356591576256E-12
9.012141418775822E-12
8.971633620079958E-12
8.930786114532757E-12
8.890531280910606E-12
8.85019462937605E-12
8.81124092840587E-12
8.770504132610921E-12
8.731378992416902E-12
8.693318822820012E-12
8.655493462994631E-12
8.613676214014846E-12
8.573786256164298E-12
8.533990093225605E-12
8.495674706706941E-12
8.456855252482701E-12
8.418687359893848E-12
8.379947061212908E-12
8.342523809605987E-12
8.305350108454267E-12
8.268816597081296E-12
8.231457549561533E-12
8.195254656461178E-12
8.157721173899612E-12
8.121468004820545E-12
8.085520798945928E-12
8.051503934082492E-12
8.014105198942265E-12
7.976787072088409E-12
7.939746696504868E-12
7.903813084285824E-12
7.867741383797618E-12
7.832634989834843E-12
7.796935409611309E-12
7.761899625773475E-12
7.726579844828551E-12
7.69233016969567E-12
7.657577075704781E-12
7.623340684412056E-12
7.588576620562622E-12
7.554853234367312E-12
7.521259305408338E-12
7.488197845095077E-12
7.454443684983656E-12
7.421602805321516E-12
7.38762756042065E-12
7.354633019800408E-12
7.321693665915474E-12
7.289691857725035E-12
7.2579358135013535E-12
7.226218965491565E-12
7.19160999165545E-12
7.158604022325042E-12
7.125511027528711E-12
7.093233048348423E-12
7.0606556645230885E-12
7.028794481230172E-12
6.996592191681922E-12
6.965069969144217E-12
6.9331948531623824E-12
6.901979013333203E-12
6.870407402371874E-12
6.839479066435295E-12
6.8081901780119334E-12
6.7775210642695395E-12
6.7465158417202075E-12
6.716204273542968E-12
6.685684550638786E-12
6.655611947724705E-12
6.624932909356396E-12
6.594986928896242E-12
6.5649046142323366E-12
6.535455451469787E-12
6.5056150474907224E-12
6.476193738181816E-12
6.446377036944786E-12
6.417252966579307E-12
6.387948516260471E-12
6.359265205820023E-12
6.330233701267145E-12
6.301537629430541E-12
6.272485835376974E-12
6.2442390586757145E-12
6.215758152175414E-12
6.187509590761174E-12
6.1585650729841456E-12
6.130468363065957E-12
6.10280823039096E-12
6.076213574644682E-12
6.04784981933802E-12
6.019323141965028E-12
5.991356643568371E-12
5.963871758365648E-12
5.936544288488309E-12
5.9095692198418905E-12
5.882691468760577E-12
5.856132167900266E-12
5.829648805592001E-12
5.803469286858727E-12
5.777355022234511E-12
5.7515366026704036E-12
5.725776822691811E-12
5.700307731282854E-12
5.67489241934677E-12
5.649763995597394E-12
5.624685224712351E-12
5.599890186304528E-12
5.575140864299405E-12
5.550672349381163E-12
5.5262454376600615E-12
5.502096312367735E-12
5.47798414646363E-12
5.4541462625107655E-12
5.430339651070262E-12
5.4068026479175395E-12
5.3832891444232805E-12
5.36003775248317E-12
5.336797056703721E-12
5.313802287772854E-12
5.2907859955992E-12
5.267938782910821E-12
5.245167114862659E-12
5.222636259789041E-12
5.200346903962234E-12
5.178221982321171E-12
5.156309689350077E-12
5.134539270808714E-12
5.112976450835977E-12
5.091542635940929E-12
5.070316598125373E-12
5.0492096090493145E-12
5.028312625279525E-12
5.007525951273475E-12
4.986952567004359E-12
4.9664813460892036E-12
4.9462273475443735E-12
4.926067678097047E-12
4.906129618324012E-12
4.88627822449777E-12
4.866653182813961E-12
4.847107238997809E-12
4.82779269142894E-12
4.808549725510909E-12
4.789543471895364E-12
4.770601309268936E-12
4.751901429231433E-12
4.7332581568233415E-12
4.7148629788640095E-12
4.696516916387408E-12
4.678424989072189E-12
4.660374657864645E-12
4.642584714274344E-12
4.624828794796629E-12
4.607339700648785E-12
4.589876968075326E-12
4.572687641116448E-12
4.5555168637701614E-12
4.538626145560586E-12
4.521745921840779E-12
4.50515236903455E-12
4.4885608578483875E-12
4.472262390308217E-12
4.4559568447635426E-12
4.439950116597382E-12
4.4239260167342384E-12
4.408205189026374E-12
4.392454449487472E-12
4.377008472916495E-12
4.361515132694453E-12
4.346320521787067E-12
4.33104775186675E-12
4.3160429576229584E-12
4.300875424529867E-12
4.285801218055325E-12
4.26989065605689E-12
4.256481897645407E-12
4.243575911773878E-12
4.230504968935056E-12
4.2171660633328946E-12
4.204114038208101E-12
4.190920472308911E-12
4.178083668546015E-12
4.165128212358699E-12
4.152558719494833E-12
4.139873618085383E-12
4.1275931750602E-12
4.115193677451307E-12
4.10321376831235E-12
4.0911085909654905E-12
4.079436380498364E-12
4.067631300680728E-12
4.056271924821921E-12
4.044771302417071E-12
4.033728914590004E-12
4.02253643167286E-12
4.011814737366544E-12
4.000933791153792E-12
3.990536340457792E-12
3.9799702621180936E-12
3.969900613361286E-12
3.959652788927326E-12
3.949914595755539E-12
3.9399885252696524E-12
3.930585572315641E-12
3.920984884397601E-12
3.911921082599086E-12
3.902649510894023E-12
3.893928854803315E-12
3.884990174794271E-12
3.8766166570938005E-12
3.868014574461215E-12
3.8599920435416835E-12
3.851730014085228E-12
3.844061946957989E-12
3.8361428890443316E-12
3.828832024933005E-12
3.821257846761029E-12
3.814305568458626E-12
3.8070763431668474E-12
3.8004815529429415E-12
3.793593945964728E-12
3.787350797246294E-12
3.780794674059582E-12
3.774887275900334E-12
3.768636990952807E-12
3.763024109246075E-12
3.757009230461516E-12
3.751561111305448E-12
3.7455018273448385E-12
3.739388711097217E-12
3.733720305009064E-12
3.731866074933389E-12
3.728540890911979E-12
3.725653664259822E-12
3.722212036905315E-12
3.719481650406164E-12
3.716287620906258E-12
3.7138772187066596E-12
3.71101881343207E-12
3.7089820334610695E-12
3.7064940008458146E-12
3.704854986946251E-12
3.702754129099695E-12
3.701525263568244E-12
3.6998201465079984E-12
3.699007702776911E-12
3.697702084431584E-12
3.697308350954329E-12
3.696402491823365E-12
3.69642654338204E-12
3.695917592978288E-12
3.696355377972778E-12
3.696237202106091E-12
3.69708111429628E-12
3.6973435812812135E-12
3.698581390393417E-12
3.699208816201513E-12
3.700821403936582E-12
3.7017891903164224E-12
3.703745397617231E-12
3.705011792037016E-12
3.707254515190563E-12
3.708735481112554E-12
3.711131911429624E-12
3.712588931977173E-12
3.7146194636460756E-12
3.714383987120607E-12
3.719404192893455E-12
3.724752134703037E-12
3.730205890611612E-12
3.7344743533415496E-12
3.739724751379228E-12
3.744025532509236E-12
3.749450684216439E-12
3.753967076232856E-12
3.759678430462427E-12
3.7644914506938614E-12
3.770559950746427E-12
3.775740325410697E-12
3.782245260426356E-12
3.787886396402257E-12
3.794943210077415E-12
3.801189304376614E-12
3.808981838790119E-12
3.816068028755761E-12
3.824901363571806E-12
3.833226264047284E-12
3.843630114723266E-12
3.853908938688759E-12
3.866874194966085E-12
3.880522752788657E-12
3.898164235542389E-12
3.918537401513313E-12
3.946677770617088E-12
3.985460627952777E-12
4.055336771949141E-12
4.1330292250898236E-12
4.053831582114922E-12
