0.0
1.6329331117392729E-12
9.229865088332322E-12
1.2057407901161185E-11
1.6839788201056995E-11
1.9219516659022527E-11
2.2683146814406023E-11
2.4928047908099764E-11
2.7770744350941722E-11
2.987747451896456E-11
3.231292859614302E-11
3.4270846132104336E-11
3.6390197728639944E-11
3.8195133278735286E-11
4.005904173015832E-11
4.1711970020379647E-11
4.335925299019891E-11
4.486332634491078E-11
4.6324824333497336E-11
4.768556149138999E-11
4.8983332139022345E-11
5.0206004181907906E-11
5.135902543621624E-11
5.245165368794386E-11
5.347462950780129E-11
5.4444639740778726E-11
5.534855538252571E-11
5.620432274798098E-11
5.69989632255649E-11
5.774857747922853E-11
5.844072462496929E-11
5.909042161767709E-11
5.968738774616594E-11
6.024357834190472E-11
6.075093068875572E-11
6.12201050942732E-11
6.16419828985402E-11
6.202853105701512E-11
6.236983505564473E-11
6.267810842612955E-11
6.294094304289348E-11
6.317364547865869E-11
6.336249882010864E-11
6.352336767187309E-11
6.363722204225386E-11
6.372557229264912E-11
6.37666695124533E-11
6.378420914795456E-11
6.374997468336095E-11
6.369385613885841E-11
6.358489971066502E-11
6.346495579404637E-11
6.33390307543104E-11
6.321100117558989E-11
6.307529702004223E-11
6.293615156888248E-11
6.278614784063833E-11
6.263294714657639E-11
6.24664751406724E-11
6.229740379810081E-11
6.211486727532093E-11
6.193021685386412E-11
6.173124639074921E-11
6.15310161180121E-11
6.131552910084323E-11
6.110026508492721E-11
6.087046291314019E-11
6.064142883546137E-11
6.039879381363132E-11
6.015775828700758E-11
5.990127634139175E-11
5.964806839211925E-11
5.938003808814027E-11
5.911628844724665E-11
5.883926939028927E-11
5.856630332313746E-11
5.827913944570292E-11
5.799767575678677E-11
5.770226591257473E-11
5.741378395412794E-11
5.711059158974692E-11
5.6814254012618164E-11
5.6505076267813774E-11
5.620351507082037E-11
5.5888335889492744E-11
5.558102078095631E-11
5.526140587199111E-11
5.495095923114174E-11
5.462612307010312E-11
5.431111593867755E-11
5.3983601316992486E-11
5.366566823258299E-11
5.333469878706125E-11
5.3013453975598085E-11
5.26809617317582E-11
5.235882740368888E-11
5.202474835288682E-11
5.1701210008509246E-11
5.136534891117671E-11
5.1040834389662675E-11
5.070453966110785E-11
5.037939319237867E-11
5.004195651174835E-11
4.971642053247615E-11
4.937997861666331E-11
4.9055204974277004E-11
4.8719074754914265E-11
4.8394652004209617E-11
4.805937429781144E-11
4.773609969318493E-11
4.740164229962861E-11
4.707880756200836E-11
4.674631757133681E-11
4.6425603373913396E-11
4.6094772252366066E-11
4.577627765161211E-11
4.5447605213888455E-11
4.5131213649378094E-11
4.480489234094886E-11
4.4490424570078776E-11
4.416589615555342E-11
4.385389411759021E-11
4.353150645674909E-11
4.322185324888659E-11
4.290326941273554E-11
4.25959075486721E-11
4.22803405281806E-11
4.197688321246177E-11
4.166373572640917E-11
4.1362644146949955E-11
4.105362226177054E-11
4.075672809524416E-11
4.0450289592449107E-11
4.015586024697755E-11
3.9851860453909355E-11
3.956036407951144E-11
3.9262229201439174E-11
3.897530489983029E-11
3.867788191023546E-11
3.8393200055848975E-11
3.8102427734875626E-11
3.782243706308961E-11
3.753331753834531E-11
3.725646548983549E-11
3.697304067697358E-11
3.6700130838424295E-11
3.6418673558455854E-11
3.6149763668756776E-11
3.587220557008407E-11
3.5605603331548124E-11
3.5332716319235255E-11
3.507122965559528E-11
3.480288318585638E-11
3.454501805464815E-11
3.427862786396867E-11
3.402342979481071E-11
3.376290174929713E-11
3.3512409230539363E-11
3.3256396088528026E-11
3.300984905222265E-11
3.275534085487733E-11
3.251289088691386E-11
3.226341454654485E-11
3.2024414118935096E-11
3.1777149911298484E-11
3.1540462874885776E-11
3.130231619613645E-11
3.107177700771691E-11
3.0833308799083234E-11
3.060523383206255E-11
3.036915416621482E-11
3.0145283057786474E-11
2.9916484359152547E-11
2.969634457356365E-11
2.9472764597603033E-11
2.925621002945958E-11
2.9029727665313425E-11
2.881493016513351E-11
2.8598504422760036E-11
2.8391938452234688E-11
2.8177290331272377E-11
2.796997961938111E-11
2.775772624750244E-11
2.7554744930696964E-11
2.7346732361695413E-11
2.714801603335427E-11
2.6947170601975536E-11
2.675445071243059E-11
2.6555576897537767E-11
2.636372679325671E-11
2.6164937669893324E-11
2.597598350807489E-11
2.578096205689006E-11
2.5593403225447477E-11
2.5405631007097094E-11
2.522675718321346E-11
2.503917758799244E-11
2.4859831007066693E-11
2.4680077649605248E-11
2.4506724480728482E-11
2.4326225646990512E-11
2.4154129206507667E-11
2.39760451497062E-11
2.380487859147901E-11
2.3633267986538052E-11
2.3470370737291536E-11
2.330183136561391E-11
2.31392079677145E-11
2.2970061954807966E-11
2.2809519958325756E-11
2.264734194557255E-11
2.2492166723927942E-11
2.233022732278448E-11
2.2175938840250375E-11
2.2022006363150422E-11
2.1872278429508684E-11
2.1714506199338028E-11
2.1566026507225604E-11
2.14146398441105E-11
2.1267719022970892E-11
2.112098133902604E-11
2.098118091388706E-11
2.083409263761238E-11
2.0693221107619303E-11
2.0549973411969872E-11
2.0412597376332677E-11
2.0273195633276398E-11
2.0139055050647014E-11
2.0001645460762606E-11
1.9871915699399527E-11
1.9735996399653518E-11
1.9605174463183035E-11
1.9470334117227003E-11
1.9344057859161845E-11
1.9216546278190397E-11
1.909264291001621E-11
1.8963999938479266E-11
1.8841546670444947E-11
1.871748414076566E-11
1.8597713463010426E-11
1.8473491896570895E-11
1.835727351278706E-11
1.8239108406554365E-11
1.8123315056680912E-11
1.8004685539874664E-11
1.789276436259357E-11
1.777738370439986E-11
1.766725838132972E-11
1.7553771170518403E-11
1.7444018547901073E-11
1.7332531475989633E-11
1.722665541499497E-11
1.711792330246369E-11
1.701182736869346E-11
1.6902633008404636E-11
1.6800687026439082E-11
1.670084846577364E-11
1.6599845540781236E-11
1.649266510701834E-11
1.6396799829415196E-11
1.6298604563313435E-11
1.6201942705837284E-11
1.609708066733106E-11
1.599934554623379E-11
1.591009444865727E-11
1.5818310002485743E-11
1.5714454052904135E-11
1.5622828563781775E-11
1.553536282433141E-11
1.5446250516249972E-11
1.5352996523278783E-11
1.5265232238893147E-11
1.5174973080438858E-11
1.5090299631916723E-11
1.500133290926762E-11
1.4914973601837832E-11
1.4830004810983235E-11
1.4747205951057698E-11
1.466031660029221E-11
1.458080997698179E-11
1.4496798432182673E-11
1.441434841325485E-11
1.4332308297303706E-11
1.42545348755013E-11
1.41742184521064E-11
1.409770410211663E-11
1.4020703411973004E-11
1.3945987935051505E-11
1.3865975824427585E-11
1.379004472779793E-11
1.3716079405091262E-11
1.364410882648404E-11
1.3568201727923655E-11
1.3496262163268112E-11
1.3423092618801874E-11
1.3353377465898002E-11
1.3279154179970516E-11
1.3209539299972103E-11
1.314493741827853E-11
1.3080727852414776E-11
1.3004263885899698E-11
1.2932592332050295E-11
1.2865135413815569E-11
1.2802905843484614E-11
1.274026137874364E-11
1.2675571891323767E-11
1.2604446940244937E-11
1.2538482823350235E-11
1.2477075822843343E-11
1.2417045385806483E-11
1.2351738079944626E-11
1.2290153971813004E-11
1.2227007074566214E-11
1.2168338467345298E-11
1.2107766934247306E-11
1.2047070276005642E-11
1.1983353977802569E-11
1.1924212024687104E-11
1.1867491552909134E-11
1.1813436484242632E-11
1.1754459262785337E-11
1.1695983059162992E-11
1.1636263261168094E-11
1.1580662248477488E-11
1.152682912417386E-11
1.1474919642260459E-11
1.1416105660132869E-11
1.1360305916741437E-11
1.1307617988338625E-11
1.1254926478065337E-11
1.11991487288534E-11
1.1148812696535896E-11
1.109601386150992E-11
1.1042943535601703E-11
1.0989061341633579E-11
1.0938640268303258E-11
1.0888367065881178E-11
1.0838967867660715E-11
1.0790079114956687E-11
1.0741999229660805E-11
1.0688100973491209E-11
1.063860165274042E-11
1.0589907861237563E-11
1.0542412105993812E-11
1.0494177659494681E-11
1.0447523074718669E-11
1.040054827704622E-11
1.0355265127837543E-11
1.0306649639331187E-11
1.0260380169453004E-11
1.0212549768959871E-11
1.0166784025758408E-11
1.0123400250842514E-11
1.0081387591191614E-11
1.0035458917124696E-11
9.990997576484657E-12
9.94341420153237E-12
9.898641020895403E-12
9.85386790392352E-12
9.810656831506205E-12
9.767014365295535E-12
9.72480612674672E-12
9.682773862465374E-12
9.643300963497905E-12
9.605682971821621E-12
9.566357686092132E-12
9.51875165032916E-12
9.475341505644317E-12
9.432946676028668E-12
9.392282550563039E-12
9.351356349725301E-12
9.311716816066187E-12
9.271673790560603E-12
9.233039640531774E-12
9.194337442044102E-12
9.158210535072584E-12
9.118645331725976E-12
9.079201244288499E-12
9.03902535186496E-12
9.000231827233103E-12
8.960395416583704E-12
8.922581146180636E-12
8.884631962419418E-12
8.84729314403242E-12
8.80927367339808E-12
8.772801634462179E-12
8.736134936978407E-12
8.701112815779502E-12
8.666846543019736E-12
8.632099260659402E-12
8.592555790516912E-12
8.556135317519943E-12
8.52011738369813E-12
8.484509152922973E-12
8.447645395229378E-12
8.412433841553986E-12
8.3771833697157E-12
8.343231465116877E-12
8.308754231237632E-12
8.274710196549692E-12
8.239756282894965E-12
8.206318029240591E-12
8.172646629025346E-12
8.140171075522188E-12
8.108027816164455E-12
8.076116586540642E-12
8.040877447746104E-12
8.007298473219767E-12
7.972748382834617E-12
7.939685460637229E-12
7.90735140972824E-12
7.87574704264109E-12
7.842139658848152E-12
7.809728265922078E-12
7.777363140989726E-12
7.745876028642022E-12
7.713964137825914E-12
7.682909553357746E-12
7.651405130068846E-12
7.620761269065054E-12
7.58968575518222E-12
7.559494270680019E-12
7.528957746791394E-12
7.499587204479744E-12
7.471073462474412E-12
7.442257776172118E-12
7.408941890154282E-12
7.377790203687812E-12
7.346947598917245E-12
7.317136243532968E-12
7.287222306948613E-12
7.257804980230238E-12
7.227568957920459E-12
7.198336660900297E-12
7.168890420094448E-12
7.140128012751243E-12
7.110993419424858E-12
7.082574182529762E-12
7.05433296355161E-12
7.0266774457072624E-12
6.997420656031208E-12
6.969094885229357E-12
6.940761174474816E-12
6.913116399709992E-12
6.885109972409916E-12
6.857776988330218E-12
6.830064505336753E-12
6.80302446838733E-12
6.775611553688764E-12
6.74887550937977E-12
6.721789581385507E-12
6.6954057875965625E-12
6.66874036917221E-12
6.6429071706357575E-12
6.6172998152437334E-12
6.591763889703044E-12
6.563725924129033E-12
6.5369534724696875E-12
6.509645289590816E-12
6.483260920528235E-12
6.456791089562691E-12
6.430921972920618E-12
6.404758034601036E-12
6.379196363781858E-12
6.353344520662148E-12
6.3280466367119985E-12
6.3024098207938345E-12
6.2773493959634715E-12
6.251975123614547E-12
6.227157599888575E-12
6.20202805100812E-12
6.177446972778099E-12
6.152557972330849E-12
6.1282107659143276E-12
6.103543011770329E-12
6.079389695071572E-12
6.0549277105812926E-12
6.0310178367961E-12
6.006836166310035E-12
5.983163889980116E-12
5.959211339068446E-12
5.935763581665172E-12
5.912035266057158E-12
5.888805757732751E-12
5.865264044853916E-12
5.842197693776805E-12
5.8188868789335826E-12
5.796078971484032E-12
5.7730184936935305E-12
5.750418784990153E-12
5.727565878666787E-12
5.705155459403716E-12
5.682477269821532E-12
5.660186167759646E-12
5.6376609219710695E-12
5.615649709298008E-12
5.59358480003229E-12
5.571892846268423E-12
5.550126148013997E-12
5.528720072231503E-12
5.507228424976368E-12
5.486091766262573E-12
5.464862522466079E-12
5.443985143919281E-12
5.423009648358335E-12
5.40238405328478E-12
5.381655445317647E-12
5.3612753914820666E-12
5.340787690218553E-12
5.320647563421325E-12
5.300395224882258E-12
5.280489716975974E-12
5.260467392460822E-12
5.240791313484454E-12
5.220993695839198E-12
5.201541840390468E-12
5.181963538217459E-12
5.162730557102766E-12
5.143365952571693E-12
5.124346185235343E-12
5.105189225805557E-12
5.086376431868519E-12
5.0674202727024465E-12
5.0488071424977054E-12
5.03004345504418E-12
5.0116205982277824E-12
4.993038022275388E-12
4.974791455817301E-12
4.956371175949653E-12
4.938273528478883E-12
4.919967700110808E-12
4.901919634259729E-12
4.883784605253393E-12
4.865975406865353E-12
4.848176636437976E-12
4.830637923703402E-12
4.813087537412769E-12
4.795782316764101E-12
4.77845899059496E-12
4.761372942991406E-12
4.744266175946697E-12
4.7273910796977735E-12
4.710494163397223E-12
4.693824319070172E-12
4.677132304856842E-12
4.660663287016612E-12
4.644172175347328E-12
4.6279002833677355E-12
4.6116066393843744E-12
4.595528621397621E-12
4.5794293727889854E-12
4.563542275344287E-12
4.547634599217106E-12
4.53193568134626E-12
4.516216938559452E-12
4.500703621348352E-12
4.485171317683192E-12
4.469841154289616E-12
4.4544929173336865E-12
4.439343575113695E-12
4.424177140473102E-12
4.4092063903266485E-12
4.39421959340249E-12
4.379425303382082E-12
4.364616074391946E-12
4.3499962057379775E-12
4.335362566540245E-12
4.320915170987407E-12
4.3064552327226364E-12
4.292178450294664E-12
4.277890411222776E-12
4.263782467955723E-12
4.249664610981672E-12
4.235723816094746E-12
4.221774505536749E-12
4.207999247630754E-12
4.194216924740439E-12
4.1806056664660594E-12
4.166988843128211E-12
4.153540113687258E-12
4.1400873635362865E-12
4.126799748085822E-12
4.113509693928458E-12
4.10038181862693E-12
4.087253114660588E-12
4.074283625438392E-12
4.0613149319514124E-12
4.048502464218478E-12
4.035692411206317E-12
4.023035545935149E-12
4.010382679873196E-12
3.997879878576141E-12
3.985382582322155E-12
3.973032087317815E-12
3.960688454468724E-12
3.94848812816433E-12
3.936295753873065E-12
3.924242800885009E-12
3.9121984039914834E-12
3.900288842993112E-12
3.8883875041040545E-12
3.876615027274139E-12
3.864848405299379E-12
3.8532014383108545E-12
3.8415525939407665E-12
3.830004362123568E-12
3.818426254309456E-12
3.806878575996994E-12
3.795085002312864E-12
3.783692622913062E-12
3.7733739497359876E-12
3.762791588201563E-12
3.7521061337288655E-12
3.741478716134513E-12
3.730839607887763E-12
3.720292189275615E-12
3.709753760100911E-12
3.699314266205335E-12
3.688892174448901E-12
3.678569672884297E-12
3.6682691358895795E-12
3.658066370691332E-12
3.647888507594459E-12
3.63780542008613E-12
3.6277493498616344E-12
3.617784403728245E-12
3.607848126211975E-12
3.597998922743528E-12
3.5881797707318684E-12
3.5784434000674215E-12
3.568738329684897E-12
3.5591116273594066E-12
3.549517460482782E-12
3.5399972511078637E-12
3.5305109334487838E-12
3.5210943152534956E-12
3.511713239475734E-12
3.5023979588452702E-12
3.493120405088504E-12
3.4839053799357043E-12
3.4747311423334093E-12
3.4656172167036595E-12
3.4565485174453294E-12
3.447539574683979E-12
3.4385824271922535E-12
3.429687068795382E-12
3.4208533568960317E-12
3.412087489021664E-12
3.403398190051362E-12
3.3947890186330323E-12
3.3862790450745416E-12
3.3778705404577155E-12
3.3695934669273032E-12
3.361444556643346E-12
3.35343786115941E-12
3.3453871781483655E-12
3.3387785829280488E-12
3.3330686680285667E-12
3.3281793030378734E-12
3.3251201606841705E-12
3.3268612298028442E-12
3.329908662123061E-12
