0.0
2.1563622961578665E18
4.312724592315733E18
6.4690868884736E18
8.625449184631466E18
1.0781811480789332E19
1.2938173776947198E19
1.5094536073105064E19
1.725089836926293E19
1.9407260665420796E19
2.1563622961578664E19
2.371998525773653E19
2.58763475538944E19
2.803270985005227E19
3.0189072146210136E19
3.2345434442368004E19
3.4501796738525872E19
3.665815903468374E19
3.881452133084161E19
4.097088362699947E19
4.312724592315734E19
4.52836082193152E19
4.743997051547306E19
4.959633281163093E19
5.175269510778879E19
5.3909057403946656E19
5.606541970010452E19
5.822178199626238E19
6.037814429242025E19
6.253450658857811E19
6.4690868884735975E19
6.684723118089384E19
6.90035934770517E19
7.115995577320957E19
7.331631806936743E19
7.54726803655253E19
7.762904266168317E19
7.978540495784103E19
8.19417672539989E19
8.409812955015676E19
8.625449184631462E19
8.841085414247249E19
9.056721643863035E19
9.272357873478821E19
9.487994103094608E19
9.703630332710394E19
9.91926656232618E19
1.0134902791941967E20
1.0350539021557753E20
1.056617525117354E20
1.0781811480789326E20
1.0997447710405113E20
1.1213083940020899E20
1.1428720169636685E20
1.1644356399252472E20
1.1859992628868258E20
1.2075628858484045E20
1.2291265088099831E20
1.2506901317715617E20
1.2722537547331404E20
1.293817377694719E20
1.3153810006562977E20
1.3369446236178763E20
1.358508246579455E20
1.3800718695410336E20
1.4016354925026122E20
1.4231991154641909E20
1.4447627384257695E20
1.4663263613873481E20
1.4878899843489268E20
1.5094536073105054E20
1.531017230272084E20
1.5525808532336627E20
1.5741444761952413E20
1.59570809915682E20
1.6172717221183986E20
1.6388353450799772E20
1.660398968041556E20
1.6819625910031345E20
1.7035262139647132E20
1.7250898369262918E20
1.7466534598878704E20
1.768217082849449E20
1.7897807058110277E20
1.8113443287726064E20
1.832907951734185E20
1.8544715746957636E20
1.8760351976573423E20
1.897598820618921E20
1.9191624435804996E20
1.9407260665420782E20
1.962289689503657E20
1.9838533124652355E20
2.005416935426814E20
2.0269805583883928E20
2.0485441813499714E20
2.07010780431155E20
2.0916714272731287E20
2.1132350502347073E20
2.134798673196286E20
2.1563622961578646E20
2.1779259191194432E20
2.199489542081022E20
2.2210531650426005E20
2.242616788004179E20
2.2641804109657578E20
2.2857440339273364E20
2.307307656888915E20
2.3288712798504937E20
2.3504349028120723E20
2.371998525773651E20
2.3935621487352296E20
2.4151257716968083E20
2.436689394658387E20
2.4582530176199655E20
2.4798166405815442E20
2.5013802635431228E20
2.5229438865047015E20
2.54450750946628E20
2.5660711324278587E20
2.5876347553894374E20
2.609198378351016E20
2.6307620013125947E20
2.6523256242741733E20
2.673889247235752E20
2.6954528701973306E20
2.7170164931589092E20
2.738580116120488E20
2.7601437390820665E20
2.781707362043645E20
2.8032709850052238E20
2.8248346079668024E20
2.846398230928381E20
2.8679618538899597E20
2.8895254768515383E20
2.911089099813117E20
2.9326527227746956E20
2.954216345736274E20
2.975779968697853E20
2.9973435916594315E20
3.01890721462101E20
3.040470837582589E20
3.0620344605441674E20
3.083598083505746E20
3.105161706467325E20
3.1267253294289034E20
3.148288952390482E20
3.1698525753520606E20
3.191416198313639E20
3.212979821275218E20
3.2345434442367966E20
3.256107067198375E20
3.277670690159954E20
3.2992343131215325E20
3.320797936083111E20
3.34236155904469E20
3.3639251820062684E20
3.385488804967847E20
3.407052427929426E20
3.428616050891004E20
3.450179673852583E20
3.4717432968141616E20
3.49330691977574E20
3.514870542737319E20
3.5364341656988975E20
3.557997788660476E20
3.579561411622055E20
3.6011250345836334E20
3.622688657545212E20
3.644252280506791E20
3.6658159034683693E20
3.687379526429948E20
3.7089431493915266E20
3.730506772353105E20
3.752070395314684E20
3.7736340182762625E20
3.795197641237841E20
3.81676126419942E20
3.8383248871609985E20
3.859888510122577E20
3.881452133084156E20
3.9030157560457344E20
3.924579379007313E20
3.9461430019688917E20
3.96770662493047E20
3.989270247892049E20
4.0108338708536276E20
4.032397493815206E20
4.053961116776785E20
4.0755247397383635E20
4.097088362699942E20
4.118651985661521E20
4.1402156086230994E20
4.161779231584678E20
4.183342854546257E20
4.2049064775078353E20
4.226470100469414E20
4.2480337234309926E20
4.269597346392571E20
4.29116096935415E20
4.3127245923157285E20
4.334288215277307E20
4.355851838238886E20
4.3774154612004644E20
4.398979084162043E20
4.420542707123622E20
4.4421063300852004E20
4.463669953046779E20
4.4852335760083576E20
4.506797198969936E20
4.528360821931515E20
4.5499244448930936E20
4.571488067854672E20
4.593051690816251E20
4.6146153137778295E20
4.636178936739408E20
4.657742559700987E20
4.6793061826625654E20
4.700869805624144E20
4.722433428585723E20
4.743997051547301E20
4.76556067450888E20
4.7871242974704586E20
4.808687920432037E20
4.830251543393616E20
4.8518151663551945E20
4.873378789316773E20
4.894942412278352E20
4.9165060352399304E20
4.938069658201509E20
4.959633281163088E20
4.9811969041246663E20
5.002760527086245E20
5.0243241500478236E20
5.045887773009402E20
5.067451395970981E20
5.0890150189325595E20
5.110578641894138E20
5.132142264855717E20
5.1537058878172955E20
5.175269510778874E20
5.196833133740453E20
5.2183967567020314E20
5.23996037966361E20
5.2615240026251887E20
5.283087625586767E20
5.304651248548346E20
5.3262148715099246E20
5.347778494471503E20
5.369342117433082E20
5.3909057403946605E20
5.412469363356239E20
5.434032986317818E20
5.4555966092793964E20
5.477160232240975E20
5.498723855202554E20
5.5202874781641323E20
5.541851101125711E20
5.5634147240872896E20
5.584978347048868E20
5.606541970010447E20
5.6281055929720255E20
5.649669215933604E20
5.671232838895183E20
5.6927964618567614E20
5.71436008481834E20
5.735923707779919E20
5.7574873307414974E20
5.779050953703076E20
5.8006145766646546E20
5.822178199626233E20
5.843741822587812E20
5.8653054455493906E20
5.886869068510969E20
5.908432691472548E20
5.929996314434128E20
5.951559937395707E20
5.973123560357286E20
5.994687183318866E20
6.016250806280445E20
6.037814429242024E20
6.059378052203604E20
6.080941675165183E20
6.102505298126762E20
6.124068921088341E20
6.145632544049921E20
6.1671961670115E20
6.188759789973079E20
6.210323412934659E20
6.231887035896238E20
6.253450658857817E20
6.275014281819397E20
6.296577904780976E20
6.318141527742555E20
6.339705150704134E20
6.361268773665714E20
6.382832396627293E20
6.404396019588872E20
6.425959642550452E20
6.447523265512031E20
6.46908688847361E20
6.49065051143519E20
6.512214134396769E20
6.533777757358348E20
6.555341380319927E20
6.576905003281507E20
6.598468626243086E20
6.620032249204665E20
6.641595872166245E20
6.663159495127824E20
6.684723118089403E20
6.706286741050982E20
6.727850364012562E20
6.749413986974141E20
6.77097760993572E20
6.7925412328973E20
6.814104855858879E20
6.835668478820458E20
6.857232101782037E20
6.878795724743617E20
6.900359347705196E20
6.921922970666775E20
6.943486593628355E20
6.965050216589934E20
6.986613839551513E20
7.008177462513093E20
7.029741085474672E20
7.051304708436251E20
7.07286833139783E20
7.09443195435941E20
7.115995577320989E20
7.137559200282568E20
7.159122823244148E20
7.180686446205727E20
7.202250069167306E20
7.223813692128885E20
7.245377315090465E20
7.266940938052044E20
7.288504561013623E20
7.310068183975203E20
7.331631806936782E20
7.353195429898361E20
7.37475905285994E20
7.39632267582152E20
7.417886298783099E20
7.439449921744678E20
7.461013544706258E20
7.482577167667837E20
7.504140790629416E20
7.525704413590996E20
7.547268036552575E20
7.568831659514154E20
7.590395282475733E20
7.611958905437313E20
7.633522528398892E20
7.655086151360471E20
7.676649774322051E20
7.69821339728363E20
7.719777020245209E20
7.741340643206789E20
7.762904266168368E20
7.784467889129947E20
7.806031512091526E20
7.827595135053106E20
7.849158758014685E20
7.870722380976264E20
7.892286003937844E20
7.913849626899423E20
7.935413249861002E20
7.956976872822581E20
7.978540495784161E20
8.00010411874574E20
8.02166774170732E20
8.043231364668899E20
8.064794987630478E20
8.086358610592057E20
8.107922233553637E20
8.129485856515216E20
8.151049479476795E20
8.172613102438374E20
8.194176725399954E20
8.215740348361533E20
8.237303971323112E20
8.258867594284692E20
8.280431217246271E20
8.30199484020785E20
8.32355846316943E20
8.345122086131009E20
8.366685709092588E20
8.388249332054167E20
8.409812955015747E20
8.431376577977326E20
8.452940200938905E20
8.474503823900485E20
8.496067446862064E20
8.517631069823643E20
8.539194692785222E20
8.560758315746802E20
8.582321938708381E20
8.60388556166996E20
8.62544918463154E20
8.647012807593119E20
8.668576430554698E20
8.690140053516278E20
8.711703676477857E20
8.733267299439436E20
8.754830922401015E20
8.776394545362595E20
8.797958168324174E20
8.819521791285753E20
8.841085414247333E20
8.862649037208912E20
8.884212660170491E20
8.90577628313207E20
8.92733990609365E20
8.948903529055229E20
8.970467152016808E20
8.992030774978388E20
9.013594397939967E20
9.035158020901546E20
9.056721643863126E20
9.078285266824705E20
9.099848889786284E20
9.121412512747863E20
9.142976135709443E20
9.164539758671022E20
9.186103381632601E20
9.20766700459418E20
9.22923062755576E20
9.250794250517339E20
9.272357873478918E20
9.293921496440498E20
9.315485119402077E20
9.337048742363656E20
9.358612365325236E20
9.380175988286815E20
9.401739611248394E20
9.423303234209974E20
9.444866857171553E20
9.466430480133132E20
9.487994103094711E20
9.509557726056291E20
9.53112134901787E20
9.552684971979449E20
9.574248594941029E20
9.595812217902608E20
9.617375840864187E20
9.638939463825766E20
9.660503086787346E20
9.682066709748925E20
9.703630332710504E20
9.725193955672084E20
9.746757578633663E20
9.768321201595242E20
9.789884824556822E20
9.811448447518401E20
9.83301207047998E20
9.85457569344156E20
9.876139316403139E20
9.897702939364718E20
9.919266562326297E20
9.940830185287877E20
9.962393808249456E20
9.983957431211035E20
1.0005521054172614E21
1.0027084677134194E21
1.0048648300095773E21
1.0070211923057352E21
1.0091775546018932E21
1.0113339168980511E21
1.013490279194209E21
1.015646641490367E21
1.0178030037865249E21
1.0199593660826828E21
1.0221157283788407E21
1.0242720906749987E21
1.0264284529711566E21
1.0285848152673145E21
1.0307411775634725E21
1.0328975398596304E21
1.0350539021557883E21
1.0372102644519463E21
1.0393666267481042E21
1.0415229890442621E21
1.04367935134042E21
1.045835713636578E21
1.0479920759327359E21
1.0501484382288938E21
1.0523048005250518E21
1.0544611628212097E21
1.0566175251173676E21
1.0587738874135255E21
1.0609302497096835E21
1.0630866120058414E21
1.0652429743019993E21
1.0673993365981573E21
1.0695556988943152E21
1.0717120611904731E21
1.073868423486631E21
1.076024785782789E21
1.0781811480789469E21
1.0803375103751048E21
1.0824938726712628E21
1.0846502349674207E21
1.0868065972635786E21
1.0889629595597366E21
1.0911193218558945E21
1.0932756841520524E21
1.0954320464482103E21
1.0975884087443683E21
1.0997447710405262E21
1.1019011333366841E21
1.104057495632842E21
1.106213857929E21
1.1083702202251579E21
1.1105265825213159E21
1.1126829448174738E21
1.1148393071136317E21
1.1169956694097896E21
1.1191520317059476E21
1.1213083940021055E21
1.1234647562982634E21
1.1256211185944214E21
1.1277774808905793E21
1.1299338431867372E21
1.1320902054828951E21
1.1342465677790531E21
1.136402930075211E21
1.138559292371369E21
1.1407156546675269E21
1.1428720169636848E21
1.1450283792598427E21
1.1471847415560007E21
1.1493411038521586E21
1.1514974661483165E21
1.1536538284444744E21
1.1558101907406324E21
1.1579665530367903E21
1.1601229153329482E21
1.1622792776291062E21
1.1644356399252641E21
1.166592002221422E21
1.16874836451758E21
1.1709047268137379E21
1.1730610891098958E21
1.1752174514060537E21
1.1773738137022117E21
1.1795301759983696E21
1.1816865382945275E21
1.1838429005906853E21
1.185999262886843E21
1.188155625183001E21
1.1903119874791587E21
1.1924683497753165E21
1.1946247120714743E21
1.196781074367632E21
1.19893743666379E21
1.2010937989599477E21
1.2032501612561055E21
1.2054065235522633E21
1.207562885848421E21
1.209719248144579E21
1.2118756104407367E21
1.2140319727368945E21
1.2161883350330523E21
1.21834469732921E21
1.220501059625368E21
1.2226574219215257E21
