0.0
1.90287110607329485E18
3.8057422121465897E18
5.7086133182198845E18
7.6114844242931794E18
9.514355530366474E18
1.141722663643977E19
1.3320097742513064E19
1.5222968848586359E19
1.7125839954659654E19
1.902871106073295E19
2.093158216680624E19
2.283445327287954E19
2.4737324378952835E19
2.664019548502613E19
2.854306659109943E19
3.0445937697172726E19
3.2348808803246023E19
3.425167990931932E19
3.6154551015392616E19
3.805742212146591E19
3.996029322753921E19
4.186316433361251E19
4.37660354396858E19
4.56689065457591E19
4.75717776518324E19
4.9474648757905695E19
5.137751986397899E19
5.328039097005229E19
5.5183262076125585E19
5.708613318219888E19
5.898900428827218E19
6.089187539434548E19
6.279474650041877E19
6.469761760649207E19
6.660048871256537E19
6.850335981863866E19
7.040623092471196E19
7.230910203078526E19
7.421197313685855E19
7.611484424293184E19
7.801771534900514E19
7.992058645507844E19
8.182345756115173E19
8.372632866722503E19
8.562919977329833E19
8.753207087937162E19
8.943494198544492E19
9.133781309151822E19
9.324068419759152E19
9.514355530366481E19
9.704642640973811E19
9.89492975158114E19
1.008521686218847E20
1.02755039727958E20
1.046579108340313E20
1.065607819401046E20
1.0846365304617789E20
1.1036652415225119E20
1.1226939525832448E20
1.1417226636439778E20
1.1607513747047108E20
1.1797800857654437E20
1.1988087968261767E20
1.2178375078869097E20
1.2368662189476427E20
1.2558949300083756E20
1.2749236410691086E20
1.2939523521298416E20
1.3129810631905745E20
1.3320097742513075E20
1.3510384853120405E20
1.3700671963727734E20
1.3890959074335064E20
1.4081246184942394E20
1.4271533295549723E20
1.4461820406157053E20
1.4652107516764383E20
1.4842394627371713E20
1.5032681737979042E20
1.5222968848586372E20
1.54132559591937E20
1.560354306980103E20
1.579383018040836E20
1.598411729101569E20
1.617440440162302E20
1.636469151223035E20
1.655497862283768E20
1.674526573344501E20
1.693555284405234E20
1.712583995465967E20
1.7316127065267E20
1.7506414175874328E20
1.7696701286481658E20
1.7886988397088988E20
1.8077275507696317E20
1.8267562618303647E20
1.8457849728910977E20
1.8648136839518306E20
1.8838423950125636E20
1.9028711060732966E20
1.9218998171340295E20
1.9409285281947625E20
1.9599572392554955E20
1.9789859503162284E20
1.9980146613769614E20
2.0170433724376944E20
2.0360720834984274E20
2.0551007945591603E20
2.0741295056198933E20
2.0931582166806263E20
2.1121869277413592E20
2.1312156388020922E20
2.1502443498628252E20
2.169273060923558E20
2.188301771984291E20
2.207330483045024E20
2.226359194105757E20
2.24538790516649E20
2.264416616227223E20
2.283445327287956E20
2.302474038348689E20
2.321502749409422E20
2.340531460470155E20
2.3595601715308878E20
2.3785888825916208E20
2.3976175936523538E20
2.4166463047130867E20
2.4356750157738197E20
2.4547037268345527E20
2.4737324378952856E20
2.4927611489560186E20
2.5117898600167516E20
2.5308185710774845E20
2.5498472821382175E20
2.5688759931989505E20
2.5879047042596835E20
2.6069334153204164E20
2.6259621263811494E20
2.6449908374418824E20
2.6640195485026153E20
2.6830482595633483E20
2.7020769706240813E20
2.7211056816848142E20
2.7401343927455472E20
2.7591631038062802E20
2.778191814867013E20
2.797220525927746E20
2.816249236988479E20
2.835277948049212E20
2.854306659109945E20
2.873335370170678E20
2.892364081231411E20
2.911392792292144E20
2.930421503352877E20
2.94945021441361E20
2.9684789254743425E20
2.987507636535075E20
3.006536347595808E20
3.0255650586565404E20
3.044593769717273E20
3.063622480778006E20
3.0826511918387384E20
3.101679902899471E20
3.1207086139602036E20
3.139737325020936E20
3.158766036081669E20
3.1777947471424016E20
3.196823458203134E20
3.215852169263867E20
3.2348808803245995E20
3.253909591385332E20
3.272938302446065E20
3.2919670135067974E20
3.31099572456753E20
3.330024435628263E20
3.3490531466889953E20
3.368081857749728E20
3.3871105688104606E20
3.406139279871193E20
3.425167990931926E20
3.4441967019926585E20
3.463225413053391E20
3.482254124114124E20
3.5012828351748565E20
3.520311546235589E20
3.539340257296322E20
3.5583689683570544E20
3.577397679417787E20
3.5964263904785197E20
3.615455101539252E20
3.634483812599985E20
3.6535125236607176E20
3.67254123472145E20
3.691569945782183E20
3.7105986568429155E20
3.729627367903648E20
3.748656078964381E20
3.7676847900251134E20
3.786713501085846E20
3.805742212146579E20
3.8247709232073114E20
3.843799634268044E20
3.8628283453287766E20
3.881857056389509E20
3.900885767450242E20
3.9199144785109746E20
3.938943189571707E20
3.95797190063244E20
3.9770006116931725E20
3.996029322753905E20
4.015058033814638E20
4.0340867448753704E20
4.053115455936103E20
4.072144166996836E20
4.0911728780575683E20
4.110201589118301E20
4.1292303001790336E20
4.148259011239766E20
4.167287722300499E20
4.1863164333612315E20
4.205345144421964E20
4.224373855482697E20
4.2434025665434295E20
4.262431277604162E20
4.281459988664895E20
4.3004886997256274E20
4.31951741078636E20
4.338546121847093E20
4.357574832907825E20
4.376603543968558E20
4.3956322550292906E20
4.414660966090023E20
4.433689677150756E20
4.4527183882114885E20
4.471747099272221E20
4.490775810332954E20
4.5098045213936864E20
4.528833232454419E20
4.547861943515152E20
4.5668906545758844E20
4.585919365636617E20
4.6049480766973497E20
4.623976787758082E20
4.643005498818815E20
4.6620342098795476E20
4.68106292094028E20
4.700091632001013E20
4.7191203430617455E20
4.738149054122478E20
4.757177765183211E20
4.7762064762439434E20
4.795235187304676E20
4.814263898365409E20
4.8332926094261413E20
4.852321320486874E20
4.8713500315476066E20
4.890378742608339E20
4.909407453669072E20
4.9284361647298046E20
4.947464875790537E20
4.96649358685127E20
4.9855222979120025E20
5.004551008972735E20
5.023579720033468E20
5.0426084310942004E20
5.061637142154933E20
5.080665853215666E20
5.099694564276398E20
5.118723275337131E20
5.1377519863978636E20
5.156780697458596E20
5.175809408519329E20
5.1948381195800615E20
5.213866830640794E20
5.232895541701527E20
5.2519242527622595E20
5.270952963822992E20
5.289981674883725E20
5.3090103859444574E20
5.32803909700519E20
5.3470678080659227E20
5.366096519126655E20
5.385125230187388E20
5.4041539412481206E20
5.423182652308853E20
5.442211363369586E20
5.4612400744303185E20
5.480268785491051E20
5.499297496551784E20
5.5183262076125164E20
5.537354918673249E20
5.556383629733982E20
5.5754123407947144E20
5.594441051855447E20
5.6134697629161796E20
5.632498473976912E20
5.651527185037645E20
5.6705558960983776E20
5.68958460715911E20
5.708613318219843E20
5.7276420292805755E20
5.746670740341308E20
5.765699451402041E20
5.7847281624627734E20
5.803756873523506E20
5.822785584584239E20
5.8418142956449713E20
5.860843006705704E20
5.8798717177664366E20
5.898900428827169E20
5.917929139887903E20
5.936957850948635E20
5.955986562009368E20
5.9750152730701E20
5.994043984130833E20
6.013072695191566E20
6.032101406252298E20
6.051130117313031E20
6.070158828373764E20
6.089187539434496E20
6.108216250495229E20
6.127244961555962E20
6.146273672616694E20
6.165302383677427E20
6.18433109473816E20
6.203359805798892E20
6.222388516859625E20
6.241417227920357E20
6.26044593898109E20
6.279474650041823E20
6.298503361102555E20
6.317532072163288E20
6.336560783224021E20
6.355589494284753E20
6.374618205345486E20
6.393646916406219E20
6.412675627466951E20
6.431704338527684E20
6.450733049588417E20
6.469761760649149E20
6.488790471709882E20
6.507819182770614E20
6.526847893831347E20
6.54587660489208E20
6.564905315952812E20
6.583934027013545E20
6.602962738074278E20
6.62199144913501E20
6.641020160195743E20
6.660048871256476E20
6.679077582317208E20
6.698106293377941E20
6.717135004438673E20
6.736163715499406E20
6.755192426560139E20
6.774221137620871E20
6.793249848681604E20
6.812278559742337E20
6.831307270803069E20
6.850335981863802E20
6.869364692924535E20
6.888393403985267E20
6.907422115046E20
6.926450826106733E20
6.945479537167465E20
6.964508248228198E20
6.98353695928893E20
7.002565670349663E20
7.021594381410396E20
7.040623092471128E20
7.059651803531861E20
7.078680514592594E20
7.097709225653326E20
7.116737936714059E20
7.135766647774792E20
7.154795358835524E20
7.173824069896257E20
7.19285278095699E20
7.211881492017722E20
7.230910203078455E20
7.249938914139187E20
7.26896762519992E20
7.287996336260653E20
7.307025047321385E20
7.326053758382118E20
7.34508246944285E20
7.364111180503583E20
7.383139891564316E20
7.402168602625049E20
7.421197313685781E20
7.440226024746514E20
7.459254735807246E20
7.478283446867979E20
7.497312157928712E20
7.516340868989444E20
7.535369580050177E20
7.55439829111091E20
7.573427002171642E20
7.592455713232375E20
7.611484424293108E20
7.63051313535384E20
7.649541846414573E20
7.668570557475306E20
7.687599268536038E20
7.706627979596771E20
7.725656690657503E20
7.744685401718236E20
7.763714112778969E20
7.782742823839701E20
7.801771534900434E20
7.820800245961167E20
7.839828957021899E20
7.858857668082632E20
7.877886379143365E20
7.896915090204097E20
7.91594380126483E20
7.934972512325563E20
7.954001223386295E20
7.973029934447028E20
7.99205864550776E20
8.011087356568493E20
8.030116067629226E20
8.049144778689958E20
8.068173489750691E20
8.087202200811424E20
8.106230911872156E20
8.125259622932889E20
8.144288333993622E20
8.163317045054354E20
8.182345756115087E20
8.20137446717582E20
8.220403178236552E20
8.239431889297285E20
8.258460600358017E20
8.27748931141875E20
8.296518022479483E20
8.315546733540215E20
8.334575444600948E20
8.35360415566168E20
8.372632866722413E20
8.391661577783146E20
8.410690288843879E20
8.429718999904611E20
8.448747710965344E20
8.467776422026076E20
8.486805133086809E20
8.505833844147542E20
8.524862555208274E20
8.543891266269007E20
8.56291997732974E20
8.581948688390472E20
8.600977399451205E20
8.620006110511938E20
8.63903482157267E20
8.658063532633403E20
8.677092243694136E20
8.696120954754868E20
8.715149665815601E20
8.734178376876333E20
8.753207087937066E20
8.772235798997799E20
8.791264510058531E20
8.810293221119264E20
8.829321932179997E20
8.848350643240729E20
8.867379354301462E20
8.886408065362195E20
8.905436776422927E20
8.92446548748366E20
8.943494198544393E20
8.962522909605125E20
8.981551620665858E20
9.00058033172659E20
9.019609042787323E20
9.038637753848056E20
9.057666464908788E20
9.076695175969521E20
9.095723887030254E20
9.114752598090986E20
9.133781309151719E20
9.152810020212452E20
9.171838731273184E20
9.190867442333917E20
9.20989615339465E20
9.228924864455382E20
9.247953575516115E20
9.266982286576847E20
9.28601099763758E20
9.305039708698313E20
9.324068419759045E20
9.343097130819778E20
9.36212584188051E20
9.381154552941243E20
9.400183264001976E20
9.419211975062709E20
9.438240686123441E20
9.457269397184174E20
9.476298108244906E20
9.495326819305639E20
9.514355530366372E20
9.533384241427104E20
9.552412952487837E20
9.57144166354857E20
9.590470374609302E20
9.609499085670035E20
9.628527796730768E20
9.6475565077915E20
9.666585218852233E20
9.685613929912966E20
9.704642640973698E20
9.723671352034431E20
9.742700063095163E20
9.761728774155896E20
9.780757485216629E20
9.799786196277361E20
9.818814907338094E20
9.837843618398827E20
9.856872329459559E20
9.875901040520292E20
9.894929751581025E20
9.913958462641757E20
9.93298717370249E20
9.952015884763223E20
9.971044595823955E20
9.990073306884688E20
1.000910201794542E21
1.0028130729006153E21
1.0047159440066886E21
1.0066188151127618E21
1.0085216862188351E21
1.0104245573249084E21
1.0123274284309816E21
1.0142302995370549E21
1.0161331706431282E21
1.0180360417492014E21
1.0199389128552747E21
1.021841783961348E21
1.0237446550674212E21
1.0256475261734945E21
1.0275503972795677E21
1.029453268385641E21
1.0313561394917143E21
1.0332590105977875E21
1.0351618817038608E21
1.037064752809934E21
1.0389676239160073E21
1.0408704950220806E21
1.0427733661281539E21
1.0446762372342271E21
1.0465791083403004E21
1.0484819794463736E21
1.0503848505524469E21
1.0522877216585202E21
1.0541905927645934E21
1.0560934638706667E21
1.05799633497674E21
1.0598992060828132E21
1.0618020771888865E21
1.0637049482949598E21
1.065607819401033E21
1.0675106905071063E21
1.0694135616131796E21
1.0713164327192528E21
1.0732193038253261E21
1.0751221749313993E21
1.0770250460374726E21
1.0789279171435459E21
1.0808307882496191E21
1.0827336593556924E21
1.0846365304617657E21
1.0865394015678389E21
1.0884422726739122E21
1.0903451437799855E21
1.0922480148860587E21
1.094150885992132E21
1.0960537570982052E21
1.0979566282042785E21
1.0998594993103518E21
1.101762370416425E21
1.1036652415224983E21
1.1055681126285716E21
1.1074709837346448E21
1.1093738548407181E21
1.1112767259467914E21
1.1131795970528646E21
1.1150824681589379E21
1.1169853392650112E21
1.1188882103710844E21
1.1207910814771577E21
1.122693952583231E21
1.1245968236893042E21
1.1264996947953775E21
1.1284025659014507E21
1.130305437007524E21
1.1322083081135973E21
1.1341111792196705E21
1.1360140503257438E21
1.137916921431817E21
1.1398197925378903E21
1.1417226636439636E21
1.1436255347500369E21
1.1455284058561101E21
1.1474312769621834E21
1.1493341480682566E21
1.1512370191743299E21
1.1531398902804032E21
