0.0
1.6470222652865024E18
3.2940445305730048E18
4.9410667958595072E18
6.5880890611460096E18
8.235111326432512E18
9.882133591719014E18
1.1529155857005517E19
1.317617812229202E19
1.4823200387578522E19
1.6470222652865024E19
1.8117244918151526E19
1.976426718343803E19
2.141128944872453E19
2.305831171401103E19
2.470533397929753E19
2.635235624458403E19
2.799937850987053E19
2.964640077515703E19
3.129342304044353E19
3.294044530573003E19
3.458746757101653E19
3.6234489836303032E19
3.788151210158953E19
3.952853436687603E19
4.117555663216253E19
4.282257889744903E19
4.446960116273553E19
4.6116623428022034E19
4.7763645693308535E19
4.9410667958595035E19
5.1057690223881535E19
5.2704712489168036E19
5.435173475445454E19
5.599875701974104E19
5.764577928502754E19
5.929280155031404E19
6.093982381560054E19
6.258684608088704E19
6.423386834617354E19
6.588089061146004E19
6.752791287674654E19
6.917493514203304E19
7.082195740731954E19
7.246897967260604E19
7.411600193789254E19
7.576302420317905E19
7.741004646846556E19
7.905706873375207E19
8.070409099903857E19
8.235111326432508E19
8.399813552961159E19
8.56451577948981E19
8.729218006018461E19
8.893920232547112E19
9.058622459075763E19
9.223324685604413E19
9.388026912133064E19
9.552729138661715E19
9.717431365190366E19
9.882133591719017E19
1.0046835818247668E20
1.0211538044776319E20
1.037624027130497E20
1.054094249783362E20
1.0705644724362271E20
1.0870346950890922E20
1.1035049177419573E20
1.1199751403948224E20
1.1364453630476875E20
1.1529155857005525E20
1.1693858083534176E20
1.1858560310062827E20
1.2023262536591478E20
1.2187964763120129E20
1.235266698964878E20
1.251736921617743E20
1.2682071442706081E20
1.2846773669234732E20
1.3011475895763383E20
1.3176178122292034E20
1.3340880348820685E20
1.3505582575349336E20
1.3670284801877987E20
1.3834987028406637E20
1.3999689254935288E20
1.4164391481463939E20
1.432909370799259E20
1.449379593452124E20
1.4658498161049892E20
1.482320038757854E20
1.498790261410719E20
1.515260484063584E20
1.531730706716449E20
1.5482009293693138E20
1.5646711520221787E20
1.5811413746750436E20
1.5976115973279085E20
1.6140818199807735E20
1.6305520426336384E20
1.6470222652865033E20
1.6634924879393682E20
1.679962710592233E20
1.696432933245098E20
1.712903155897963E20
1.729373378550828E20
1.7458436012036928E20
1.7623138238565578E20
1.7787840465094227E20
1.7952542691622876E20
1.8117244918151525E20
1.8281947144680174E20
1.8446649371208824E20
1.8611351597737473E20
1.8776053824266122E20
1.894075605079477E20
1.910545827732342E20
1.927016050385207E20
1.943486273038072E20
1.9599564956909368E20
1.9764267183438017E20
1.9928969409966667E20
2.0093671636495316E20
2.0258373863023965E20
2.0423076089552614E20
2.0587778316081263E20
2.0752480542609913E20
2.0917182769138562E20
2.108188499566721E20
2.124658722219586E20
2.141128944872451E20
2.157599167525316E20
2.1740693901781808E20
2.1905396128310457E20
2.2070098354839106E20
2.2234800581367756E20
2.2399502807896405E20
2.2564205034425054E20
2.2728907260953703E20
2.2893609487482352E20
2.3058311714011002E20
2.322301394053965E20
2.33877161670683E20
2.355241839359695E20
2.37171206201256E20
2.3881822846654248E20
2.4046525073182897E20
2.4211227299711546E20
2.4375929526240195E20
2.4540631752768845E20
2.4705333979297494E20
2.4870036205826143E20
2.5034738432354792E20
2.519944065888344E20
2.536414288541209E20
2.552884511194074E20
2.569354733846939E20
2.5858249564998038E20
2.6022951791526688E20
2.6187654018055337E20
2.6352356244583986E20
2.6517058471112635E20
2.6681760697641284E20
2.6846462924169934E20
2.7011165150698583E20
2.7175867377227232E20
2.734056960375588E20
2.750527183028453E20
2.766997405681318E20
2.783467628334183E20
2.7999378509870478E20
2.8164080736399127E20
2.8328782962927777E20
2.8493485189456426E20
2.8658187415985075E20
2.8822889642513724E20
2.8987591869042373E20
2.9152294095571023E20
2.9316996322099672E20
2.948169854862832E20
2.964640077515697E20
2.981110300168562E20
2.9975805228214275E20
3.014050745474293E20
3.030520968127158E20
3.046991190780023E20
3.0634614134328885E20
3.079931636085754E20
3.096401858738619E20
3.112872081391484E20
3.1293423040443495E20
3.145812526697215E20
3.16228274935008E20
3.178752972002945E20
3.1952231946558105E20
3.211693417308676E20
3.228163639961541E20
3.244633862614406E20
3.2611040852672715E20
3.277574307920137E20
3.294044530573002E20
3.310514753225867E20
3.3269849758787325E20
3.343455198531598E20
3.359925421184463E20
3.376395643837328E20
3.3928658664901935E20
3.409336089143059E20
3.425806311795924E20
3.442276534448789E20
3.4587467571016545E20
3.47521697975452E20
3.491687202407385E20
3.50815742506025E20
3.5246276477131155E20
3.541097870365981E20
3.557568093018846E20
3.574038315671711E20
3.5905085383245765E20
3.606978760977442E20
3.623448983630307E20
3.639919206283172E20
3.6563894289360375E20
3.672859651588903E20
3.689329874241768E20
3.705800096894633E20
3.7222703195474985E20
3.738740542200364E20
3.755210764853229E20
3.771680987506094E20
3.7881512101589595E20
3.804621432811825E20
3.82109165546469E20
3.837561878117555E20
3.8540321007704205E20
3.870502323423286E20
3.886972546076151E20
3.903442768729016E20
3.9199129913818815E20
3.936383214034747E20
3.952853436687612E20
3.969323659340477E20
3.9857938819933425E20
4.002264104646208E20
4.018734327299073E20
4.035204549951938E20
4.0516747726048035E20
4.068144995257669E20
4.084615217910534E20
4.101085440563399E20
4.1175556632162645E20
4.13402588586913E20
4.150496108521995E20
4.16696633117486E20
4.1834365538277255E20
4.199906776480591E20
4.216376999133456E20
4.232847221786321E20
4.2493174444391865E20
4.265787667092052E20
4.282257889744917E20
4.298728112397782E20
4.3151983350506475E20
4.331668557703513E20
4.348138780356378E20
4.364609003009243E20
4.3810792256621085E20
4.397549448314974E20
4.414019670967839E20
4.430489893620704E20
4.4469601162735695E20
4.463430338926435E20
4.4799005615793E20
4.496370784232165E20
4.5128410068850305E20
4.529311229537896E20
4.545781452190761E20
4.562251674843626E20
4.5787218974964915E20
4.595192120149357E20
4.611662342802222E20
4.628132565455087E20
4.6446027881079525E20
4.661073010760818E20
4.677543233413683E20
4.694013456066548E20
4.7104836787194135E20
4.726953901372279E20
4.743424124025144E20
4.759894346678009E20
4.7763645693308744E20
4.79283479198374E20
4.809305014636605E20
4.82577523728947E20
4.8422454599423354E20
4.858715682595201E20
4.875185905248066E20
4.891656127900931E20
4.9081263505537964E20
4.924596573206662E20
4.941066795859527E20
4.957537018512392E20
4.9740072411652574E20
4.990477463818123E20
5.006947686470988E20
5.023417909123853E20
5.0398881317767184E20
5.056358354429584E20
5.072828577082449E20
5.089298799735314E20
5.1057690223881794E20
5.122239245041045E20
5.13870946769391E20
5.155179690346775E20
5.1716499129996404E20
5.188120135652506E20
5.204590358305371E20
5.221060580958236E20
5.2375308036111014E20
5.254001026263967E20
5.270471248916832E20
5.286941471569697E20
5.3034116942225624E20
5.319881916875428E20
5.336352139528293E20
5.352822362181158E20
5.3692925848340234E20
5.385762807486889E20
5.402233030139754E20
5.418703252792619E20
5.4351734754454844E20
5.4516436980983497E20
5.468113920751215E20
5.48458414340408E20
5.5010543660569454E20
5.5175245887098107E20
5.533994811362676E20
5.550465034015541E20
5.5669352566684064E20
5.5834054793212717E20
5.599875701974137E20
5.616345924627002E20
5.6328161472798674E20
5.6492863699327327E20
5.665756592585598E20
5.682226815238463E20
5.6986970378913284E20
5.7151672605441937E20
5.731637483197059E20
5.748107705849924E20
5.7645779285027894E20
5.7810481511556547E20
5.79751837380852E20
5.813988596461385E20
5.8304588191142504E20
5.8469290417671157E20
5.863399264419981E20
5.879869487072846E20
5.8963397097257114E20
5.912809932378576E20
5.929280155031441E20
5.945750377684306E20
5.962220600337172E20
5.978690822990037E20
5.995161045642902E20
6.011631268295767E20
6.028101490948633E20
6.044571713601498E20
6.061041936254363E20
6.077512158907228E20
6.093982381560094E20
6.110452604212959E20
6.126922826865824E20
6.14339304951869E20
6.159863272171555E20
6.17633349482442E20
6.192803717477285E20
6.20927394013015E20
6.225744162783016E20
6.242214385435881E20
6.258684608088746E20
6.275154830741611E20
6.291625053394477E20
6.308095276047342E20
6.324565498700207E20
6.341035721353072E20
6.357505944005938E20
6.373976166658803E20
6.390446389311668E20
6.406916611964533E20
6.423386834617399E20
6.439857057270264E20
6.456327279923129E20
6.472797502575994E20
6.48926772522886E20
6.505737947881725E20
6.52220817053459E20
6.538678393187455E20
6.555148615840321E20
6.571618838493186E20
6.588089061146051E20
6.604559283798916E20
6.621029506451782E20
6.637499729104647E20
6.653969951757512E20
6.670440174410377E20
6.686910397063243E20
6.703380619716108E20
6.719850842368973E20
6.736321065021838E20
6.752791287674704E20
6.769261510327569E20
6.785731732980434E20
6.8022019556333E20
6.818672178286165E20
6.83514240093903E20
6.851612623591895E20
6.86808284624476E20
6.884553068897626E20
6.901023291550491E20
6.917493514203356E20
6.933963736856221E20
6.950433959509087E20
6.966904182161952E20
6.983374404814817E20
6.999844627467682E20
7.016314850120548E20
7.032785072773413E20
7.049255295426278E20
7.065725518079143E20
7.082195740732009E20
7.098665963384874E20
7.115136186037739E20
7.131606408690604E20
7.14807663134347E20
7.164546853996335E20
7.1810170766492E20
7.197487299302065E20
7.213957521954931E20
7.230427744607796E20
7.246897967260661E20
7.263368189913526E20
7.279838412566392E20
7.296308635219257E20
7.312778857872122E20
7.329249080524987E20
7.345719303177853E20
7.362189525830718E20
7.378659748483583E20
7.395129971136448E20
7.411600193789314E20
7.428070416442179E20
7.444540639095044E20
7.46101086174791E20
7.477481084400775E20
7.49395130705364E20
7.510421529706505E20
7.52689175235937E20
7.543361975012236E20
7.559832197665101E20
7.576302420317966E20
7.592772642970831E20
7.609242865623697E20
7.625713088276562E20
7.642183310929427E20
7.658653533582292E20
7.675123756235158E20
7.691593978888023E20
7.708064201540888E20
7.724534424193753E20
7.741004646846619E20
7.757474869499484E20
7.773945092152349E20
7.790415314805214E20
7.80688553745808E20
7.823355760110945E20
7.83982598276381E20
7.856296205416675E20
7.872766428069541E20
7.889236650722406E20
7.905706873375271E20
7.922177096028136E20
7.938647318681002E20
7.955117541333867E20
7.971587763986732E20
7.988057986639597E20
8.004528209292463E20
8.020998431945328E20
8.037468654598193E20
8.053938877251058E20
8.070409099903924E20
8.086879322556789E20
8.103349545209654E20
8.11981976786252E20
8.136289990515385E20
8.15276021316825E20
8.169230435821115E20
8.18570065847398E20
8.202170881126846E20
8.218641103779711E20
8.235111326432576E20
8.251581549085441E20
8.268051771738307E20
8.284521994391172E20
8.300992217044037E20
8.317462439696902E20
8.333932662349768E20
8.350402885002633E20
8.366873107655498E20
8.383343330308363E20
8.399813552961229E20
8.416283775614094E20
8.432753998266959E20
8.449224220919824E20
8.46569444357269E20
8.482164666225555E20
8.49863488887842E20
8.515105111531285E20
8.53157533418415E20
8.548045556837016E20
8.564515779489881E20
8.580986002142746E20
8.597456224795612E20
8.613926447448477E20
8.630396670101342E20
8.646866892754207E20
8.663337115407073E20
8.679807338059938E20
8.696277560712803E20
8.712747783365668E20
8.729218006018534E20
8.745688228671399E20
8.762158451324264E20
8.77862867397713E20
8.795098896629995E20
8.81156911928286E20
8.828039341935725E20
8.84450956458859E20
8.860979787241456E20
8.877450009894321E20
8.893920232547186E20
8.910390455200051E20
8.926860677852917E20
8.943330900505782E20
8.959801123158647E20
8.976271345811512E20
8.992741568464378E20
9.009211791117243E20
9.025682013770108E20
9.042152236422973E20
9.058622459075839E20
9.075092681728704E20
9.091562904381569E20
9.108033127034434E20
9.1245033496873E20
9.140973572340165E20
9.15744379499303E20
9.173914017645895E20
9.19038424029876E20
9.206854462951626E20
9.223324685604491E20
9.239794908257356E20
9.256265130910222E20
9.272735353563087E20
9.289205576215952E20
9.305675798868817E20
9.322146021521683E20
9.338616244174548E20
9.355086466827413E20
9.371556689480278E20
9.388026912133144E20
9.404497134786009E20
9.420967357438874E20
9.437437580091739E20
9.453907802744605E20
9.47037802539747E20
9.486848248050335E20
9.5033184707032E20
9.519788693356066E20
9.536258916008931E20
9.552729138661796E20
9.569199361314661E20
9.585669583967527E20
9.602139806620392E20
9.618610029273257E20
9.635080251926122E20
9.651550474578988E20
9.668020697231853E20
9.684490919884718E20
9.700961142537583E20
9.717431365190449E20
9.733901587843314E20
9.750371810496179E20
9.766842033149044E20
9.78331225580191E20
9.799782478454775E20
9.81625270110764E20
9.832722923760505E20
9.84919314641337E20
9.865663369066236E20
9.882133591719101E20
9.898603814371966E20
9.915074037024832E20
9.931544259677697E20
9.948014482330562E20
9.964484704983427E20
9.980954927636293E20
9.997425150289158E20
1.0013895372942023E21
1.0030365595594888E21
1.0046835818247754E21
1.0063306040900619E21
1.0079776263553484E21
1.0096246486206349E21
1.0112716708859215E21
1.012918693151208E21
1.0145657154164945E21
1.016212737681781E21
1.0178597599470676E21
1.0195067822123541E21
1.0211538044776406E21
1.0228008267429271E21
1.0244478490082137E21
1.0260948712735002E21
1.0277418935387867E21
1.0293889158040732E21
1.0310359380693598E21
1.0326829603346463E21
1.0343299825999328E21
1.0359770048652193E21
1.0376240271305059E21
1.0392710493957924E21
1.0409180716610789E21
1.0425650939263654E21
1.044212116191652E21
1.0458591384569385E21
1.047506160722225E21
1.0491531829875115E21
1.050800205252798E21
1.0524472275180846E21
1.0540942497833711E21
1.0557412720486576E21
1.0573882943139442E21
1.0590353165792307E21
1.0606823388445172E21
1.0623293611098037E21
1.0639763833750903E21
1.0656234056403768E21
1.0672704279056633E21
1.0689174501709498E21
1.0705644724362364E21
1.0722114947015229E21
1.0738585169668094E21
1.0755055392320959E21
1.0771525614973825E21
1.078799583762669E21
1.0804466060279555E21
1.082093628293242E21
1.0837406505585286E21
1.0853876728238151E21
1.0870346950891016E21
1.0886817173543881E21
1.0903287396196747E21
1.0919757618849612E21
1.0936227841502477E21
1.0952698064155342E21
1.0969168286808208E21
1.0985638509461073E21
1.1002108732113938E21
1.1018578954766803E21
1.1035049177419669E21
1.1051519400072534E21
1.1067989622725399E21
1.1084459845378264E21
1.110093006803113E21
1.1117400290683995E21
1.113387051333686E21
1.1150340735989725E21
1.116681095864259E21
1.1183281181295456E21
1.1199751403948321E21
1.1216221626601186E21
1.1232691849254052E21
1.1249162071906917E21
1.1265632294559782E21
1.1282102517212647E21
1.1298572739865513E21
1.1315042962518378E21
1.1331513185171243E21
1.1347983407824108E21
1.1364453630476974E21
1.1380923853129839E21
1.1397394075782704E21
1.1413864298435569E21
1.1430334521088435E21
1.14468047437413E21
