0.0
2.5496173997417487E18
5.0992347994834975E18
7.6488521992252457E18
1.0198469598966995E19
1.2748086998708744E19
1.5297704398450493E19
1.7847321798192243E19
2.039693919793399E19
2.2946556597675737E19
2.5496173997417484E19
2.804579139715923E19
3.059540879690098E19
3.3145026196642726E19
3.5694643596384473E19
3.824426099612622E19
4.079387839586797E19
4.334349579560972E19
4.5893113195351474E19
4.8442730595093225E19
5.099234799483498E19
5.354196539457673E19
5.609158279431848E19
5.864120019406023E19
6.119081759380198E19
6.374043499354373E19
6.6290052393285485E19
6.8839669793027236E19
7.138928719276899E19
7.393890459251073E19
7.648852199225247E19
7.903813939199422E19
8.158775679173596E19
8.41373741914777E19
8.668699159121945E19
8.923660899096119E19
9.178622639070293E19
9.433584379044468E19
9.688546119018642E19
9.943507858992816E19
1.019846959896699E20
1.0453431338941165E20
1.0708393078915339E20
1.0963354818889513E20
1.1218316558863688E20
1.1473278298837862E20
1.1728240038812036E20
1.198320177878621E20
1.2238163518760385E20
1.249312525873456E20
1.2748086998708734E20
1.3003048738682908E20
1.3258010478657082E20
1.3512972218631256E20
1.376793395860543E20
1.4022895698579605E20
1.427785743855378E20
1.4532819178527954E20
1.478778091850213E20
1.5042742658476304E20
1.5297704398450478E20
1.5552666138424653E20
1.5807627878398827E20
1.6062589618373E20
1.6317551358347176E20
1.657251309832135E20
1.6827474838295524E20
1.70824365782697E20
1.7337398318243873E20
1.7592360058218047E20
1.784732179819222E20
1.8102283538166396E20
1.835724527814057E20
1.8612207018114744E20
1.886716875808892E20
1.9122130498063093E20
1.9377092238037267E20
1.963205397801144E20
1.9887015717985616E20
2.014197745795979E20
2.0396939197933964E20
2.065190093790814E20
2.0906862677882313E20
2.1161824417856487E20
2.1416786157830662E20
2.1671747897804836E20
2.192670963777901E20
2.2181671377753185E20
2.243663311772736E20
2.2691594857701533E20
2.2946556597675708E20
2.3201518337649882E20
2.3456480077624056E20
2.371144181759823E20
2.3966403557572405E20
2.422136529754658E20
2.4476327037520753E20
2.4731288777494928E20
2.4986250517469102E20
2.5241212257443276E20
2.549617399741745E20
2.5751135737391625E20
2.60060974773658E20
2.6261059217339974E20
2.6516020957314148E20
2.6770982697288322E20
2.7025944437262497E20
2.728090617723667E20
2.7535867917210845E20
2.779082965718502E20
2.8045791397159194E20
2.8300753137133368E20
2.8555714877107542E20
2.8810676617081717E20
2.906563835705589E20
2.9320600097030065E20
2.957556183700424E20
2.9830523576978414E20
3.008548531695259E20
3.034044705692676E20
3.059540879690094E20
3.085037053687511E20
3.1105332276849286E20
3.136029401682346E20
3.1615255756797634E20
3.187021749677181E20
3.212517923674598E20
3.238014097672016E20
3.263510271669433E20
3.2890064456668506E20
3.314502619664268E20
3.3399987936616854E20
3.365494967659103E20
3.39099114165652E20
3.416487315653938E20
3.441983489651355E20
3.4674796636487726E20
3.49297583764619E20
3.5184720116436074E20
3.543968185641025E20
3.569464359638442E20
3.59496053363586E20
3.620456707633277E20
3.6459528816306946E20
3.671449055628112E20
3.6969452296255295E20
3.722441403622947E20
3.7479375776203643E20
3.773433751617782E20
3.798929925615199E20
3.8244260996126166E20
3.849922273610034E20
3.8754184476074515E20
3.900914621604869E20
3.9264107956022863E20
3.951906969599704E20
3.977403143597121E20
4.0028993175945386E20
4.028395491591956E20
4.0538916655893735E20
4.079387839586791E20
4.1048840135842084E20
4.130380187581626E20
4.155876361579043E20
4.1813725355764607E20
4.206868709573878E20
4.2323648835712955E20
4.257861057568713E20
4.2833572315661304E20
4.308853405563548E20
4.334349579560965E20
4.359845753558383E20
4.3853419275558E20
4.4108381015532175E20
4.436334275550635E20
4.4618304495480524E20
4.48732662354547E20
4.512822797542887E20
4.538318971540305E20
4.563815145537722E20
4.5893113195351396E20
4.614807493532557E20
4.6403036675299744E20
4.665799841527392E20
4.691296015524809E20
4.716792189522227E20
4.742288363519644E20
4.7677845375170616E20
4.793280711514479E20
4.8187768855118964E20
4.844273059509314E20
4.869769233506731E20
4.895265407504149E20
4.920761581501566E20
4.9462577554989836E20
4.971753929496401E20
4.9972501034938184E20
5.022746277491236E20
5.048242451488653E20
5.073738625486071E20
5.099234799483488E20
5.1247309734809056E20
5.150227147478323E20
5.1757233214757405E20
5.201219495473158E20
5.2267156694705753E20
5.252211843467993E20
5.27770801746541E20
5.3032041914628276E20
5.328700365460245E20
5.3541965394576625E20
5.37969271345508E20
5.4051888874524973E20
5.430685061449915E20
5.456181235447332E20
5.4816774094447496E20
5.507173583442167E20
5.5326697574395845E20
5.558165931437002E20
5.5836621054344194E20
5.609158279431837E20
5.634654453429254E20
5.6601506274266717E20
5.685646801424089E20
5.7111429754215065E20
5.736639149418924E20
5.7621353234163414E20
5.787631497413759E20
5.813127671411176E20
5.838623845408594E20
5.864120019406011E20
5.8896161934034285E20
5.915112367400847E20
5.940608541398265E20
5.966104715395683E20
5.991600889393101E20
6.017097063390519E20
6.042593237387937E20
6.068089411385355E20
6.093585585382773E20
6.119081759380191E20
6.14457793337761E20
6.170074107375027E20
6.195570281372446E20
6.221066455369864E20
6.246562629367282E20
6.2720588033647E20
6.297554977362118E20
6.323051151359536E20
6.348547325356954E20
6.374043499354372E20
6.39953967335179E20
6.425035847349208E20
6.450532021346626E20
6.476028195344045E20
6.501524369341463E20
6.527020543338881E20
6.552516717336299E20
6.578012891333717E20
6.603509065331135E20
6.629005239328553E20
6.654501413325971E20
6.679997587323389E20
6.705493761320807E20
6.730989935318225E20
6.756486109315643E20
6.781982283313062E20
6.80747845731048E20
6.832974631307898E20
6.858470805305316E20
6.883966979302734E20
6.909463153300152E20
6.93495932729757E20
6.960455501294988E20
6.985951675292406E20
7.011447849289824E20
7.036944023287242E20
7.06244019728466E20
7.087936371282079E20
7.113432545279497E20
7.138928719276915E20
7.164424893274333E20
7.189921067271751E20
7.215417241269169E20
7.240913415266587E20
7.266409589264005E20
7.291905763261423E20
7.317401937258841E20
7.34289811125626E20
7.368394285253678E20
7.393890459251096E20
7.419386633248514E20
7.444882807245932E20
7.47037898124335E20
7.495875155240768E20
7.521371329238186E20
7.546867503235604E20
7.572363677233022E20
7.59785985123044E20
7.623356025227858E20
7.648852199225276E20
7.674348373222695E20
7.699844547220113E20
7.725340721217531E20
7.750836895214949E20
7.776333069212367E20
7.801829243209785E20
7.827325417207203E20
7.852821591204621E20
7.878317765202039E20
7.903813939199457E20
7.929310113196875E20
7.954806287194294E20
7.980302461191712E20
8.00579863518913E20
8.031294809186548E20
8.056790983183966E20
8.082287157181384E20
8.107783331178802E20
8.13327950517622E20
8.158775679173638E20
8.184271853171056E20
8.209768027168474E20
8.235264201165892E20
8.26076037516331E20
8.286256549160729E20
8.311752723158147E20
8.337248897155565E20
8.362745071152983E20
8.388241245150401E20
8.413737419147819E20
8.439233593145237E20
8.464729767142655E20
8.490225941140073E20
8.515722115137491E20
8.54121828913491E20
8.566714463132328E20
8.592210637129746E20
8.617706811127164E20
8.643202985124582E20
8.668699159122E20
8.694195333119418E20
8.719691507116836E20
8.745187681114254E20
8.770683855111672E20
8.79618002910909E20
8.821676203106508E20
8.847172377103927E20
8.872668551101345E20
8.898164725098763E20
8.923660899096181E20
8.949157073093599E20
8.974653247091017E20
9.000149421088435E20
9.025645595085853E20
9.051141769083271E20
9.076637943080689E20
9.102134117078107E20
9.127630291075526E20
9.153126465072944E20
9.178622639070362E20
9.20411881306778E20
9.229614987065198E20
9.255111161062616E20
9.280607335060034E20
9.306103509057452E20
9.33159968305487E20
9.357095857052288E20
9.382592031049706E20
9.408088205047124E20
9.433584379044543E20
9.45908055304196E20
9.484576727039379E20
9.510072901036797E20
9.535569075034215E20
9.561065249031633E20
9.586561423029051E20
9.612057597026469E20
9.637553771023887E20
9.663049945021305E20
9.688546119018723E20
9.714042293016141E20
9.73953846701356E20
9.765034641010978E20
9.790530815008396E20
9.816026989005814E20
9.841523163003232E20
9.86701933700065E20
9.892515510998068E20
9.918011684995486E20
9.943507858992904E20
9.969004032990322E20
9.99450020698774E20
1.0019996380985159E21
1.0045492554982577E21
1.0070988728979995E21
1.0096484902977413E21
1.0121981076974831E21
1.0147477250972249E21
1.0172973424969667E21
1.0198469598967085E21
1.0223965772964503E21
1.0249461946961921E21
1.027495812095934E21
1.0300454294956757E21
1.0325950468954176E21
1.0351446642951594E21
1.0376942816949012E21
1.040243899094643E21
1.0427935164943848E21
1.0453431338941266E21
1.0478927512938684E21
1.0504423686936102E21
1.052991986093352E21
1.0555416034930938E21
1.0580912208928356E21
1.0606408382925775E21
1.0631904556923193E21
1.0657400730920611E21
1.0682896904918029E21
1.0708393078915447E21
1.0733889252912865E21
1.0759385426910283E21
1.0784881600907701E21
1.0810377774905119E21
1.0835873948902537E21
1.0861370122899955E21
1.0886866296897373E21
1.0912362470894792E21
1.093785864489221E21
1.0963354818889628E21
1.0988850992887046E21
1.1014347166884464E21
1.1039843340881882E21
1.10653395148793E21
1.1090835688876718E21
1.1116331862874136E21
1.1141828036871554E21
1.1167324210868972E21
1.119282038486639E21
1.1218316558863809E21
1.1243812732861227E21
1.1269308906858645E21
1.1294805080856063E21
1.1320301254853481E21
1.1345797428850899E21
1.1371293602848317E21
1.1396789776845735E21
1.1422285950843153E21
1.1447782124840571E21
1.147327829883799E21
1.1498774472835408E21
1.1524270646832826E21
1.1549766820830244E21
1.1575262994827662E21
1.160075916882508E21
1.1626255342822498E21
1.1651751516819916E21
1.1677247690817334E21
1.1702743864814752E21
1.172824003881217E21
1.1753736212809588E21
1.1779232386807006E21
1.1804728560804425E21
1.1830224734801843E21
1.185572090879926E21
1.188121708279668E21
1.1906713256794097E21
1.1932209430791515E21
1.1957705604788933E21
1.198320177878635E21
1.200869795278377E21
1.2034194126781187E21
1.2059690300778605E21
1.2085186474776024E21
1.2110682648773442E21
1.213617882277086E21
1.2161674996768278E21
1.2187171170765696E21
1.2212667344763114E21
1.2238163518760532E21
1.226365969275795E21
1.2289155866755368E21
1.2314652040752786E21
1.2340148214750204E21
1.2365644388747622E21
1.239114056274504E21
1.2416636736742459E21
1.2442132910739877E21
1.2467629084737295E21
1.2493125258734713E21
1.251862143273213E21
1.254411760672955E21
1.2569613780726967E21
1.2595109954724385E21
1.2620606128721803E21
1.2646102302719221E21
1.267159847671664E21
1.2697094650714058E21
1.2722590824711476E21
1.2748086998708894E21
1.2773583172706312E21
1.279907934670373E21
1.2824575520701148E21
1.2850071694698566E21
1.2875567868695984E21
1.2901064042693402E21
1.292656021669082E21
1.2952056390688238E21
1.2977552564685657E21
1.3003048738683075E21
1.3028544912680493E21
1.305404108667791E21
1.307953726067533E21
1.3105033434672747E21
1.3130529608670165E21
1.3156025782667583E21
1.3181521956665E21
1.320701813066242E21
1.3232514304659837E21
1.3258010478657256E21
1.3283506652654674E21
1.3309002826652092E21
1.333449900064951E21
1.3359995174646928E21
1.3385491348644346E21
1.3410987522641764E21
1.3436483696639182E21
1.34619798706366E21
1.3487476044634018E21
1.3512972218631436E21
1.3538468392628854E21
1.3563964566626273E21
1.358946074062369E21
1.361495691462111E21
1.3640453088618527E21
1.3665949262615945E21
1.3691445436613363E21
1.371694161061078E21
1.37424377846082E21
1.3767933958605617E21
1.3793430132603035E21
1.3818926306600453E21
1.3844422480597871E21
1.386991865459529E21
1.3895414828592708E21
1.3920911002590126E21
1.3946407176587544E21
1.3971903350584962E21
1.399739952458238E21
1.4022895698579798E21
1.4048391872577216E21
1.4073888046574634E21
1.4099384220572052E21
1.412488039456947E21
1.4150376568566889E21
1.4175872742564307E21
1.4201368916561725E21
1.4226865090559143E21
1.425236126455656E21
1.427785743855398E21
1.4303353612551397E21
1.4328849786548815E21
1.4354345960546233E21
1.437984213454365E21
1.440533830854107E21
1.4430834482538487E21
1.4456330656535906E21
1.4481826830533324E21
1.4507323004530742E21
1.453281917852816E21
1.4558315352525578E21
1.4583811526522996E21
1.4609307700520414E21
1.4634803874517832E21
1.466030004851525E21
1.4685796222512668E21
1.4711292396510086E21
1.4736788570507505E21
1.4762284744504923E21
1.478778091850234E21
1.481327709249976E21
1.4838773266497177E21
1.4864269440494595E21
1.4889765614492013E21
1.491526178848943E21
1.494075796248685E21
1.4966254136484267E21
1.4991750310481685E21
1.5017246484479103E21
1.5042742658476522E21
1.506823883247394E21
1.5093735006471358E21
1.5119231180468776E21
1.5144727354466194E21
1.5170223528463612E21
1.519571970246103E21
1.5221215876458448E21
1.5246712050455866E21
1.5272208224453284E21
1.5297704398450702E21
1.532320057244812E21
1.5348696746445539E21
1.5374192920442957E21
1.5399689094440375E21
1.5425185268437793E21
1.545068144243521E21
1.547617761643263E21
1.5501673790430047E21
1.5527169964427465E21
1.5552666138424883E21
1.5578162312422301E21
1.560365848641972E21
1.5629154660417138E21
1.5654650834414556E21
1.5680147008411974E21
1.5705643182409392E21
1.573113935640681E21
1.5756635530404228E21
1.5782131704401646E21
1.5807627878399064E21
1.5833124052396482E21
1.58586202263939E21
1.5884116400391318E21
1.5909612574388736E21
1.5935108748386155E21
1.5960604922383573E21
1.598610109638099E21
1.601159727037841E21
1.6037093444375827E21
1.6062589618373245E21
1.6088085792370663E21
1.611358196636808E21
1.61390781403655E21
