0.0
3.1270031335551212E18
6.2540062671102423E18
9.381009400665362E18
1.2508012534220485E19
1.5635015667775607E19
1.876201880133073E19
2.188902193488585E19
2.5016025068440973E19
2.8143028201996095E19
3.1270031335551218E19
3.439703446910634E19
3.752403760266146E19
4.065104073621658E19
4.37780438697717E19
4.6905047003326824E19
5.003205013688195E19
5.315905327043707E19
5.628605640399219E19
5.941305953754731E19
6.2540062671102435E19
6.566706580465756E19
6.879406893821268E19
7.19210720717678E19
7.504807520532292E19
7.817507833887803E19
8.130208147243314E19
8.442908460598826E19
8.755608773954337E19
9.068309087309849E19
9.38100940066536E19
9.693709714020871E19
1.0006410027376383E20
1.0319110340731894E20
1.0631810654087406E20
1.0944510967442917E20
1.1257211280798428E20
1.156991159415394E20
1.1882611907509451E20
1.2195312220864963E20
1.2508012534220474E20
1.2820712847575985E20
1.3133413160931497E20
1.3446113474287008E20
1.375881378764252E20
1.4071514100998031E20
1.4384214414353542E20
1.4696914727709054E20
1.5009615041064567E20
1.5322315354420078E20
1.563501566777559E20
1.59477159811311E20
1.6260416294486612E20
1.6573116607842124E20
1.6885816921197635E20
1.7198517234553147E20
1.7511217547908658E20
1.782391786126417E20
1.813661817461968E20
1.8449318487975192E20
1.8762018801330704E20
1.9074719114686215E20
1.9387419428041726E20
1.9700119741397238E20
2.001282005475275E20
2.032552036810826E20
2.0638220681463772E20
2.0950920994819283E20
2.1263621308174795E20
2.1576321621530306E20
2.1889021934885818E20
2.220172224824133E20
2.251442256159684E20
2.2827122874952352E20
2.3139823188307863E20
2.3452523501663375E20
2.3765223815018886E20
2.4077924128374397E20
2.439062444172991E20
2.470332475508542E20
2.501602506844093E20
2.5328725381796443E20
2.5641425695151954E20
2.5954126008507466E20
2.6266826321862977E20
2.657952663521849E20
2.6892226948574E20
2.720492726192951E20
2.7517627575285023E20
2.7830327888640534E20
2.8143028201996046E20
2.8455728515351557E20
2.8768428828707068E20
2.908112914206258E20
2.939382945541809E20
2.97065297687736E20
3.0019230082129114E20
3.0331930395484625E20
3.0644630708840137E20
3.095733102219565E20
3.127003133555116E20
3.158273164890667E20
3.189543196226218E20
3.2208132275617694E20
3.2520832588973205E20
3.2833532902328716E20
3.314623321568423E20
3.345893352903974E20
3.377163384239525E20
3.408433415575076E20
3.4397034469106273E20
3.4709734782461785E20
3.5022435095817296E20
3.533513540917281E20
3.564783572252832E20
3.596053603588383E20
3.627323634923934E20
3.658593666259485E20
3.6898636975950365E20
3.7211337289305876E20
3.752403760266139E20
3.78367379160169E20
3.814943822937241E20
3.846213854272792E20
3.877483885608343E20
3.9087539169438944E20
3.9400239482794456E20
3.971293979614997E20
4.002564010950548E20
4.033834042286099E20
4.06510407362165E20
4.096374104957201E20
4.1276441362927524E20
4.1589141676283036E20
4.190184198963855E20
4.221454230299406E20
4.252724261634957E20
4.283994292970508E20
4.315264324306059E20
4.3465343556416104E20
4.3778043869771615E20
4.409074418312713E20
4.440344449648264E20
4.471614480983815E20
4.502884512319366E20
4.534154543654917E20
4.5654245749904684E20
4.5966946063260195E20
4.6279646376615707E20
4.659234668997122E20
4.690504700332673E20
4.721774731668224E20
4.753044763003775E20
4.7843147943393264E20
4.8155848256748775E20
4.8468548570104286E20
4.87812488834598E20
4.909394919681531E20
4.940664951017082E20
4.971934982352633E20
5.0032050136881843E20
5.0344750450237355E20
5.0657450763592866E20
5.097015107694838E20
5.128285139030389E20
5.15955517036594E20
5.190825201701491E20
5.222095233037042E20
5.2533652643725935E20
5.2846352957081446E20
5.315905327043696E20
5.347175358379247E20
5.378445389714798E20
5.409715421050349E20
5.4409854523859E20
5.4722554837214514E20
5.5035255150570026E20
5.534795546392554E20
5.566065577728105E20
5.597335609063656E20
5.628605640399207E20
5.659875671734758E20
5.6911457030703094E20
5.7224157344058606E20
5.753685765741412E20
5.784955797076963E20
5.816225828412514E20
5.847495859748065E20
5.878765891083616E20
5.910035922419168E20
5.941305953754719E20
5.97257598509027E20
6.003846016425821E20
6.035116047761373E20
6.066386079096924E20
6.097656110432475E20
6.128926141768026E20
6.160196173103577E20
6.191466204439128E20
6.22273623577468E20
6.25400626711023E20
6.285276298445782E20
6.316546329781333E20
6.347816361116884E20
6.379086392452435E20
6.410356423787986E20
6.441626455123537E20
6.472896486459089E20
6.50416651779464E20
6.535436549130191E20
6.566706580465742E20
6.597976611801293E20
6.629246643136844E20
6.660516674472395E20
6.691786705807947E20
6.723056737143498E20
6.754326768479049E20
6.7855967998146E20
6.816866831150151E20
6.848136862485702E20
6.879406893821253E20
6.910676925156805E20
6.941946956492356E20
6.973216987827907E20
7.004487019163458E20
7.035757050499009E20
7.06702708183456E20
7.098297113170111E20
7.129567144505663E20
7.160837175841214E20
7.192107207176765E20
7.223377238512316E20
7.254647269847867E20
7.285917301183418E20
7.317187332518969E20
7.34845736385452E20
7.379727395190072E20
7.410997426525623E20
7.442267457861174E20
7.473537489196725E20
7.504807520532276E20
7.536077551867827E20
7.567347583203378E20
7.59861761453893E20
7.629887645874481E20
7.661157677210032E20
7.692427708545583E20
7.723697739881134E20
7.754967771216685E20
7.786237802552236E20
7.817507833887788E20
7.848777865223339E20
7.88004789655889E20
7.911317927894441E20
7.942587959229992E20
7.973857990565543E20
8.005128021901094E20
8.036398053236646E20
8.067668084572197E20
8.098938115907748E20
8.130208147243299E20
8.16147817857885E20
8.192748209914401E20
8.224018241249952E20
8.255288272585504E20
8.286558303921055E20
8.317828335256606E20
8.349098366592157E20
8.380368397927708E20
8.411638429263259E20
8.44290846059881E20
8.474178491934362E20
8.505448523269913E20
8.536718554605464E20
8.567988585941015E20
8.599258617276566E20
8.630528648612117E20
8.661798679947668E20
8.69306871128322E20
8.72433874261877E20
8.755608773954322E20
8.786878805289873E20
8.818148836625424E20
8.849418867960975E20
8.880688899296526E20
8.911958930632077E20
8.943228961967629E20
8.97449899330318E20
9.005769024638731E20
9.037039055974282E20
9.068309087309833E20
9.099579118645384E20
9.130849149980935E20
9.162119181316487E20
9.193389212652038E20
9.224659243987589E20
9.25592927532314E20
9.287199306658691E20
9.318469337994242E20
9.349739369329793E20
9.381009400665345E20
9.412279432000896E20
9.443549463336447E20
9.474819494671998E20
9.506089526007549E20
9.5373595573431E20
9.568629588678651E20
9.599899620014203E20
9.631169651349754E20
9.662439682685305E20
9.693709714020856E20
9.724979745356407E20
9.756249776691958E20
9.78751980802751E20
9.81878983936306E20
9.850059870698612E20
9.881329902034163E20
9.912599933369714E20
9.943869964705265E20
9.975139996040816E20
1.0006410027376367E21
1.0037680058711919E21
1.006895009004747E21
1.0100220121383021E21
1.0131490152718572E21
1.0162760184054123E21
1.0194030215389674E21
1.0225300246725225E21
1.0256570278060776E21
1.0287840309396328E21
1.0319110340731879E21
1.035038037206743E21
1.0381650403402981E21
1.0412920434738532E21
1.0444190466074083E21
1.0475460497409634E21
1.0506730528745186E21
1.0538000560080737E21
1.0569270591416288E21
1.0600540622751839E21
1.063181065408739E21
1.0663080685422941E21
1.0694350716758492E21
1.0725620748094044E21
1.0756890779429595E21
1.0788160810765146E21
1.0819430842100697E21
1.0850700873436248E21
1.0881970904771799E21
1.091324093610735E21
1.0944510967442902E21
1.0975780998778453E21
1.1007051030114004E21
1.1038321061449555E21
1.1069591092785106E21
1.1100861124120657E21
1.1132131155456208E21
1.116340118679176E21
1.1194671218127311E21
1.1225941249462862E21
1.1257211280798413E21
1.1288481312133964E21
1.1319751343469515E21
1.1351021374805066E21
1.1382291406140618E21
1.1413561437476169E21
1.144483146881172E21
1.1476101500147271E21
1.1507371531482822E21
1.1538641562818373E21
1.1569911594153924E21
1.1601181625489476E21
1.1632451656825027E21
1.1663721688160578E21
1.1694991719496129E21
1.172626175083168E21
1.1757531782167231E21
1.1788801813502782E21
1.1820071844838333E21
1.1851341876173886E21
1.1882611907509438E21
1.191388193884499E21
1.1945151970180543E21
1.1976422001516096E21
1.2007692032851648E21
1.20389620641872E21
1.2070232095522753E21
1.2101502126858306E21
1.2132772158193858E21
1.216404218952941E21
1.2195312220864963E21
1.2226582252200515E21
1.2257852283536068E21
1.228912231487162E21
1.2320392346207173E21
1.2351662377542725E21
1.2382932408878278E21
1.241420244021383E21
1.2445472471549382E21
1.2476742502884935E21
1.2508012534220487E21
1.253928256555604E21
1.2570552596891592E21
1.2601822628227145E21
1.2633092659562697E21
1.266436269089825E21
1.2695632722233802E21
1.2726902753569355E21
1.2758172784904907E21
1.278944281624046E21
1.2820712847576012E21
1.2851982878911564E21
1.2883252910247117E21
1.291452294158267E21
1.2945792972918222E21
1.2977063004253774E21
1.3008333035589327E21
1.303960306692488E21
1.3070873098260432E21
1.3102143129595984E21
1.3133413160931536E21
1.316468319226709E21
1.319595322360264E21
1.3227223254938194E21
1.3258493286273746E21
1.3289763317609299E21
1.332103334894485E21
1.3352303380280404E21
1.3383573411615956E21
1.3414843442951508E21
1.344611347428706E21
1.3477383505622613E21
1.3508653536958166E21
1.3539923568293718E21
1.357119359962927E21
1.3602463630964823E21
1.3633733662300376E21
1.3665003693635928E21
1.369627372497148E21
1.3727543756307033E21
1.3758813787642585E21
1.3790083818978138E21
1.382135385031369E21
1.3852623881649243E21
1.3883893912984795E21
1.3915163944320348E21
1.39464339756559E21
1.3977704006991453E21
1.4008974038327005E21
1.4040244069662557E21
1.407151410099811E21
1.4102784132333662E21
1.4134054163669215E21
1.4165324195004767E21
1.419659422634032E21
1.4227864257675872E21
1.4259134289011425E21
1.4290404320346977E21
1.432167435168253E21
1.4352944383018082E21
1.4384214414353634E21
1.4415484445689187E21
1.444675447702474E21
1.4478024508360292E21
1.4509294539695844E21
1.4540564571031397E21
1.457183460236695E21
1.4603104633702502E21
1.4634374665038054E21
1.4665644696373606E21
1.469691472770916E21
1.4728184759044711E21
1.4759454790380264E21
1.4790724821715816E21
1.482199485305137E21
1.485326488438692E21
1.4884534915722474E21
1.4915804947058026E21
1.4947074978393579E21
1.497834500972913E21
1.5009615041064683E21
1.5040885072400236E21
1.5072155103735788E21
1.510342513507134E21
1.5134695166406893E21
1.5165965197742446E21
1.5197235229077998E21
1.522850526041355E21
1.5259775291749103E21
1.5291045323084655E21
1.5322315354420208E21
1.535358538575576E21
1.5384855417091313E21
1.5416125448426865E21
1.5447395479762418E21
1.547866551109797E21
1.5509935542433523E21
1.5541205573769075E21
1.5572475605104628E21
1.560374563644018E21
1.5635015667775732E21
1.5666285699111285E21
1.5697555730446837E21
1.572882576178239E21
1.5760095793117942E21
1.5791365824453495E21
1.5822635855789047E21
1.58539058871246E21
1.5885175918460152E21
1.5916445949795705E21
1.5947715981131257E21
1.597898601246681E21
1.6010256043802362E21
1.6041526075137914E21
1.6072796106473467E21
1.610406613780902E21
1.6135336169144572E21
1.6166606200480124E21
1.6197876231815677E21
1.622914626315123E21
1.6260416294486781E21
1.6291686325822334E21
1.6322956357157886E21
1.635422638849344E21
1.638549641982899E21
1.6416766451164544E21
1.6448036482500096E21
1.6479306513835649E21
1.65105765451712E21
1.6541846576506754E21
1.6573116607842306E21
1.6604386639177858E21
1.663565667051341E21
1.6666926701848963E21
1.6698196733184516E21
1.6729466764520068E21
1.676073679585562E21
1.6792006827191173E21
1.6823276858526726E21
1.6854546889862278E21
1.688581692119783E21
1.6917086952533383E21
1.6948356983868935E21
1.6979627015204488E21
1.701089704654004E21
1.7042167077875593E21
1.7073437109211145E21
1.7104707140546698E21
1.713597717188225E21
1.7167247203217803E21
1.7198517234553355E21
1.7229787265888907E21
