0.0
1.38852326185226598E18
2.777046523704532E18
4.165569785556798E18
5.5540930474090639E18
6.9426163092613304E18
8.3311395711135969E18
9.719662832965863E18
1.110818609481813E19
1.2496709356670396E19
1.3885232618522663E19
1.527375588037493E19
1.6662279142227196E19
1.8050802404079462E19
1.9439325665931727E19
2.0827848927783993E19
2.221637218963626E19
2.3604895451488526E19
2.4993418713340793E19
2.638194197519306E19
2.7770465237045326E19
2.9158988498897592E19
3.054751176074986E19
3.1936035022602125E19
3.332455828445439E19
3.471308154630666E19
3.6101604808158925E19
3.749012807001119E19
3.887865133186345E19
4.026717459371572E19
4.165569785556798E19
4.304422111742024E19
4.44327443792725E19
4.5821267641124766E19
4.720979090297703E19
4.859831416482929E19
4.998683742668155E19
5.1375360688533815E19
5.276388395038608E19
5.415240721223834E19
5.55409304740906E19
5.6929453735942865E19
5.831797699779513E19
5.970650025964739E19
6.109502352149965E19
6.2483546783351914E19
6.387207004520418E19
6.526059330705644E19
6.66491165689087E19
6.8037639830760964E19
6.942616309261323E19
7.081468635446549E19
7.220320961631775E19
7.359173287817001E19
7.498025614002228E19
7.636877940187455E19
7.775730266372683E19
7.91458259255791E19
8.053434918743137E19
8.192287244928364E19
8.33113957111359E19
8.469991897298818E19
8.608844223484045E19
8.747696549669272E19
8.886548875854499E19
9.025401202039726E19
9.164253528224953E19
9.30310585441018E19
9.441958180595407E19
9.580810506780634E19
9.719662832965861E19
9.858515159151088E19
9.997367485336315E19
1.0136219811521543E20
1.027507213770677E20
1.0413924463891997E20
1.0552776790077224E20
1.069162911626245E20
1.0830481442447678E20
1.0969333768632905E20
1.1108186094818132E20
1.1247038421003359E20
1.1385890747188586E20
1.1524743073373813E20
1.166359539955904E20
1.1802447725744267E20
1.1941300051929494E20
1.2080152378114721E20
1.2219004704299948E20
1.2357857030485176E20
1.2496709356670403E20
1.263556168285563E20
1.2774414009040857E20
1.2913266335226084E20
1.305211866141131E20
1.3190970987596538E20
1.3329823313781765E20
1.3468675639966992E20
1.3607527966152219E20
1.3746380292337446E20
1.3885232618522673E20
1.40240849447079E20
1.4162937270893127E20
1.4301789597078354E20
1.4440641923263581E20
1.4579494249448808E20
1.4718346575634036E20
1.485719890181926E20
1.4996051228004486E20
1.5134903554189712E20
1.5273755880374937E20
1.5412608206560163E20
1.5551460532745388E20
1.5690312858930613E20
1.582916518511584E20
1.5968017511301064E20
1.610686983748629E20
1.6245722163671515E20
1.638457448985674E20
1.6523426816041966E20
1.666227914222719E20
1.6801131468412417E20
1.6939983794597642E20
1.7078836120782868E20
1.7217688446968093E20
1.735654077315332E20
1.7495393099338544E20
1.763424542552377E20
1.7773097751708995E20
1.791195007789422E20
1.8050802404079446E20
1.818965473026467E20
1.8328507056449896E20
1.8467359382635122E20
1.8606211708820347E20
1.8745064035005573E20
1.8883916361190798E20
1.9022768687376024E20
1.916162101356125E20
1.9300473339746474E20
1.94393256659317E20
1.9578177992116925E20
1.971703031830215E20
1.9855882644487376E20
1.99947349706726E20
2.0133587296857827E20
2.0272439623043052E20
2.0411291949228278E20
2.0550144275413503E20
2.068899660159873E20
2.0827848927783954E20
2.096670125396918E20
2.1105553580154405E20
2.124440590633963E20
2.1383258232524856E20
2.152211055871008E20
2.1660962884895307E20
2.1799815211080532E20
2.1938667537265757E20
2.2077519863450983E20
2.2216372189636208E20
2.2355224515821434E20
2.249407684200666E20
2.2632929168191884E20
2.277178149437711E20
2.2910633820562335E20
2.304948614674756E20
2.3188338472932786E20
2.332719079911801E20
2.3466043125303237E20
2.3604895451488462E20
2.3743747777673688E20
2.3882600103858913E20
2.402145243004414E20
2.4160304756229364E20
2.429915708241459E20
2.4438009408599815E20
2.457686173478504E20
2.4715714060970266E20
2.485456638715549E20
2.4993418713340717E20
2.5132271039525942E20
2.5271123365711167E20
2.5409975691896393E20
2.5548828018081618E20
2.5687680344266844E20
2.582653267045207E20
2.5965384996637295E20
2.610423732282252E20
2.6243089649007745E20
2.638194197519297E20
2.6520794301378196E20
2.6659646627563422E20
2.6798498953748647E20
2.6937351279933873E20
2.7076203606119098E20
2.7215055932304323E20
2.735390825848955E20
2.7492760584674774E20
2.763161291086E20
2.7770465237045225E20
2.790931756323045E20
2.8048169889415676E20
2.81870222156009E20
2.8325874541786127E20
2.8464726867971352E20
2.8603579194156578E20
2.8742431520341803E20
2.888128384652703E20
2.9020136172712254E20
2.915898849889748E20
2.9297840825082705E20
2.943669315126793E20
2.957554547745316E20
2.9714397803638384E20
2.985325012982361E20
2.9992102456008835E20
3.013095478219406E20
3.0269807108379286E20
3.040865943456451E20
3.054751176074974E20
3.068636408693496E20
3.082521641312019E20
3.096406873930541E20
3.110292106549064E20
3.1241773391675864E20
3.138062571786109E20
3.1519478044046315E20
3.165833037023154E20
3.1797182696416766E20
3.193603502260199E20
3.2074887348787216E20
3.221373967497244E20
3.235259200115767E20
3.249144432734289E20
3.263029665352812E20
3.2769148979713343E20
3.290800130589857E20
3.3046853632083794E20
3.318570595826902E20
3.3324558284454245E20
3.346341061063947E20
3.3602262936824696E20
3.374111526300992E20
3.387996758919515E20
3.401881991538037E20
3.41576722415656E20
3.429652456775082E20
3.443537689393605E20
3.4574229220121274E20
3.47130815463065E20
3.4851933872491725E20
3.499078619867695E20
3.5129638524862176E20
3.52684908510474E20
3.5407343177232626E20
3.554619550341785E20
3.568504782960308E20
3.58239001557883E20
3.596275248197353E20
3.6101604808158754E20
3.624045713434398E20
3.6379309460529204E20
3.651816178671443E20
3.6657014112899655E20
3.679586643908488E20
3.6934718765270106E20
3.707357109145533E20
3.721242341764056E20
3.735127574382578E20
3.749012807001101E20
3.762898039619623E20
3.776783272238146E20
3.7906685048566684E20
3.804553737475191E20
3.8184389700937135E20
3.832324202712236E20
3.8462094353307586E20
3.860094667949281E20
3.8739799005678037E20
3.887865133186326E20
3.901750365804849E20
3.915635598423371E20
3.929520831041894E20
3.9434060636604164E20
3.957291296278939E20
3.9711765288974615E20
3.985061761515984E20
3.9989469941345065E20
4.012832226753029E20
4.0267174593715516E20
4.040602691990074E20
4.054487924608597E20
4.068373157227119E20
4.082258389845642E20
4.0961436224641643E20
4.110028855082687E20
4.1239140877012094E20
4.137799320319732E20
4.1516845529382545E20
4.165569785556777E20
4.1794550181752996E20
4.193340250793822E20
4.2072254834123447E20
4.221110716030867E20
4.23499594864939E20
4.248881181267912E20
4.262766413886435E20
4.2766516465049574E20
4.29053687912348E20
4.3044221117420025E20
4.318307344360525E20
4.3321925769790475E20
4.34607780959757E20
4.3599630422160926E20
4.373848274834615E20
4.387733507453138E20
4.40161874007166E20
4.415503972690183E20
4.4293892053087053E20
4.443274437927228E20
4.4571596705457504E20
4.471044903164273E20
4.4849301357827955E20
4.498815368401318E20
4.5127006010198406E20
4.526585833638363E20
4.540471066256886E20
4.554356298875408E20
4.568241531493931E20
4.582126764112453E20
4.596011996730976E20
4.6098972293494984E20
4.623782461968021E20
4.6376676945865435E20
4.651552927205066E20
4.6654381598235886E20
4.679323392442111E20
4.6932086250606336E20
4.707093857679156E20
4.720979090297679E20
4.734864322916201E20
4.748749555534724E20
4.7626347881532464E20
4.776520020771769E20
4.7904052533902914E20
4.804290486008814E20
4.8181757186273365E20
4.832060951245859E20
4.8459461838643816E20
4.859831416482904E20
4.873716649101427E20
4.887601881719949E20
4.901487114338472E20
4.915372346956994E20
4.929257579575517E20
4.9431428121940394E20
4.957028044812562E20
4.9709132774310845E20
4.984798510049607E20
4.9986837426681296E20
5.012568975286652E20
5.0264542079051747E20
5.040339440523697E20
5.05422467314222E20
5.068109905760742E20
5.081995138379265E20
5.0958803709977874E20
5.10976560361631E20
5.1236508362348324E20
5.137536068853355E20
5.1514213014718775E20
5.1653065340904E20
5.1791917667089226E20
5.193076999327445E20
5.206962231945968E20
5.22084746456449E20
5.234732697183013E20
5.248617929801535E20
5.262503162420058E20
5.2763883950385804E20
5.290273627657103E20
5.3041588602756255E20
5.318044092894148E20
5.3319293255126706E20
5.345814558131193E20
5.3596997907497157E20
5.373585023368238E20
5.387470255986761E20
5.401355488605283E20
5.415240721223806E20
5.4291259538423284E20
5.443011186460851E20
5.4568964190793735E20
5.470781651697896E20
5.4846668843164185E20
5.498552116934941E20
5.5124373495534636E20
5.526322582171986E20
5.540207814790509E20
5.554093047409031E20
5.567978280027554E20
5.5818635126460763E20
5.595748745264599E20
5.6096339778831214E20
5.623519210501644E20
5.6374044431201665E20
5.651289675738689E20
5.6651749083572116E20
5.679060140975734E20
5.6929453735942567E20
5.706830606212779E20
5.720715838831302E20
5.734601071449824E20
5.748486304068347E20
5.7623715366868694E20
5.776256769305392E20
5.7901420019239145E20
5.804027234542437E20
5.8179124671609595E20
5.831797699779482E20
5.8456829323980046E20
5.859568165016527E20
5.87345339763505E20
5.887338630253572E20
5.901223862872095E20
5.915109095490617E20
5.92899432810914E20
5.942879560727662E20
5.956764793346185E20
5.970650025964708E20
5.98453525858323E20
5.998420491201753E20
6.012305723820275E20
6.026190956438798E20
6.04007618905732E20
6.053961421675843E20
6.067846654294365E20
6.081731886912888E20
6.09561711953141E20
6.109502352149933E20
6.123387584768455E20
6.137272817386978E20
6.1511580500055E20
6.165043282624023E20
6.178928515242546E20
6.192813747861068E20
6.206698980479591E20
6.220584213098113E20
6.234469445716636E20
6.248354678335158E20
6.262239910953681E20
6.276125143572203E20
6.290010376190726E20
6.303895608809249E20
6.317780841427771E20
6.331666074046294E20
6.345551306664816E20
6.359436539283339E20
6.373321771901861E20
6.387207004520384E20
6.401092237138906E20
6.414977469757429E20
6.428862702375951E20
6.442747934994474E20
6.456633167612996E20
6.470518400231519E20
6.484403632850042E20
6.498288865468564E20
6.512174098087087E20
6.526059330705609E20
6.539944563324132E20
6.553829795942654E20
6.567715028561177E20
6.5816002611797E20
6.595485493798222E20
6.609370726416744E20
6.623255959035267E20
6.63714119165379E20
6.651026424272312E20
6.664911656890835E20
6.678796889509357E20
6.69268212212788E20
6.706567354746402E20
6.720452587364925E20
6.734337819983447E20
6.74822305260197E20
6.762108285220492E20
6.775993517839015E20
6.789878750457537E20
6.80376398307606E20
6.817649215694583E20
6.831534448313105E20
6.845419680931628E20
6.85930491355015E20
6.873190146168673E20
6.887075378787195E20
6.900960611405718E20
6.91484584402424E20
6.928731076642763E20
6.942616309261285E20
6.956501541879808E20
6.97038677449833E20
6.984272007116853E20
6.998157239735376E20
7.012042472353898E20
7.025927704972421E20
7.039812937590943E20
7.053698170209466E20
7.067583402827988E20
7.081468635446511E20
7.095353868065033E20
7.109239100683556E20
7.123124333302079E20
7.137009565920601E20
7.150894798539124E20
7.164780031157646E20
7.178665263776169E20
7.192550496394691E20
7.206435729013214E20
7.220320961631736E20
7.234206194250259E20
7.248091426868781E20
7.261976659487304E20
7.275861892105826E20
7.289747124724349E20
7.303632357342872E20
7.317517589961394E20
7.331402822579917E20
7.345288055198439E20
7.359173287816962E20
7.373058520435484E20
7.386943753054007E20
7.40082898567253E20
7.414714218291052E20
7.428599450909574E20
7.442484683528097E20
7.45636991614662E20
7.470255148765142E20
7.484140381383665E20
7.498025614002187E20
7.51191084662071E20
7.525796079239232E20
7.539681311857755E20
7.553566544476277E20
7.5674517770948E20
7.581337009713322E20
7.595222242331845E20
7.609107474950367E20
7.62299270756889E20
7.636877940187413E20
7.650763172805935E20
7.664648405424458E20
7.67853363804298E20
7.692418870661503E20
7.706304103280025E20
7.720189335898548E20
7.73407456851707E20
7.747959801135593E20
7.761845033754115E20
7.775730266372638E20
7.78961549899116E20
7.803500731609683E20
7.817385964228206E20
7.831271196846728E20
7.845156429465251E20
7.859041662083773E20
7.872926894702296E20
7.886812127320818E20
7.900697359939341E20
7.914582592557863E20
7.928467825176386E20
7.942353057794908E20
7.956238290413431E20
7.970123523031954E20
7.984008755650476E20
7.997893988268999E20
8.011779220887521E20
8.025664453506044E20
8.039549686124566E20
8.053434918743089E20
8.067320151361611E20
8.081205383980134E20
8.095090616598656E20
8.108975849217179E20
8.122861081835702E20
8.136746314454224E20
8.150631547072747E20
8.164516779691269E20
8.178402012309792E20
8.192287244928314E20
8.206172477546837E20
8.220057710165359E20
8.233942942783882E20
8.247828175402404E20
8.261713408020927E20
8.27559864063945E20
8.289483873257972E20
8.303369105876495E20
8.317254338495017E20
8.33113957111354E20
8.345024803732062E20
8.358910036350585E20
8.372795268969107E20
8.38668050158763E20
8.400565734206152E20
8.414450966824675E20
8.428336199443197E20
8.44222143206172E20
8.456106664680243E20
8.469991897298765E20
8.483877129917288E20
8.49776236253581E20
8.511647595154333E20
8.525532827772855E20
8.539418060391378E20
8.5533032930099E20
8.567188525628423E20
8.581073758246945E20
8.594958990865468E20
8.60884422348399E20
8.622729456102513E20
8.636614688721036E20
8.650499921339558E20
8.664385153958081E20
8.678270386576603E20
8.692155619195126E20
8.706040851813648E20
8.719926084432171E20
8.733811317050693E20
8.747696549669216E20
8.761581782287738E20
8.775467014906261E20
8.789352247524784E20
8.803237480143306E20
8.817122712761829E20
8.831007945380351E20
8.844893177998874E20
8.858778410617396E20
8.872663643235919E20
8.886548875854441E20
8.900434108472964E20
8.914319341091486E20
8.928204573710009E20
8.942089806328532E20
8.955975038947054E20
8.969860271565577E20
8.983745504184099E20
8.997630736802622E20
9.011515969421144E20
9.025401202039667E20
9.039286434658189E20
9.053171667276712E20
9.067056899895234E20
9.080942132513757E20
9.09482736513228E20
9.108712597750802E20
9.122597830369325E20
9.136483062987847E20
9.15036829560637E20
9.164253528224892E20
9.178138760843415E20
